CUSTOMER_ID,GENDER,BIRTH_YEAR
2673054,남,1983
2036804,남,1973
2639594,남,1969
2307203,남,1983
2215015,남,1972
2109447,남,1966
2055836,남,1970
2152561,남,1966
2032318,남,1969
2006920,여,1969
2161421,남,1968
2128346,남,1971
2223349,남,1972
2161536,남,1972
2092903,남,1972
2258944,남,1981
3115131,남,1991
2079001,남,1975
2147498,남,1970
2801569,남,1976
3729263,남,1981
2072116,남,1974
2204499,남,1976
2017821,남,1966
2162728,남,1968
2077691,남,1970
2113068,남,1967
2021217,남,1971
2050805,남,1968
2274438,여,1966
3022568,남,1961
2220994,남,1961
2124086,남,1969
2054133,남,1972
2220501,남,1973
2151222,남,1971
2324561,남,1974
2718809,남,1989
2050901,남,1971
2308194,남,1983
2192900,남,1964
2140918,남,1980
2155099,남,1974
2077692,남,1970
2050614,남,1970
2168187,남,1971
2366975,남,1985
2094226,남,1969
2282467,남,1967
2071736,남,1975
2008015,남,1975
2127481,남,1975
2283380,남,1970
2135606,남,1969
2070071,남,1974
3757567,남,1973
2159490,남,1974
2936273,남,1989
2308498,남,1982
2526140,여,1986
2052747,남,1982
2265876,남,1969
2060963,남,1975
2181708,여,1970
2072356,남,1965
2136530,남,1966
2068393,남,1973
3757570,남,1967
3757555,남,1978
2407053,남,1980
2154124,여,1976
3218916,남,1967
2074164,남,1969
2137766,남,1968
2219540,남,1974
2573716,남,1972
2020702,여,1973
2308490,남,1983
2102788,남,1966
2089908,남,1970
2012196,남,1979
3757556,남,1980
2097633,남,1965
3757574,남,1979
2125726,여,1979
2622160,남,1975
2213819,남,1964
2166031,남,1973
2534469,여,1987
2159100,남,1969
2058336,남,1972
2151744,남,1972
2024757,남,1975
2155948,남,1978
2859938,남,1988
2122071,남,1973
2177574,남,1969
2804672,남,1987
2308010,여,1990
2193586,남,1966
2210966,남,1972
2575759,여,1987
2010653,남,1975
2024597,남,1971
2119901,남,1970
2360052,남,1970
2254066,남,1983
2082923,남,1965
2717535,남,1986
2163586,남,1974
2032116,남,1967
2030371,남,1969
3757573,남,1972
2765695,남,1966
2152903,남,1963
2130498,남,1970
2528914,남,1985
2082966,남,1977
2469125,남,1975
2727285,남,1981
3757566,남,1971
3757562,남,1972
2134506,남,1972
2407036,남,1975
3679740,남,1971
2254756,남,1980
2018724,남,1968
2307242,남,1976
2001337,여,1971
2082946,남,1973
2804663,남,1986
2364949,남,1974
2308345,남,1984
3020957,남,1972
2022755,여,1977
2115878,남,1970
2020050,남,1979
2112545,남,1962
2009173,남,1972
2112941,남,1971
2057794,남,1971
2311921,남,1982
2119470,남,1983
2640924,여,1973
2123324,남,1967
2195150,남,1966
2118561,남,1968
2089548,남,1964
2540090,남,1967
2006331,남,1962
2204785,남,1966
2183038,여,1977
2082156,남,1975
2121857,남,1968
2193909,남,1970
2312810,여,1978
2608941,남,1971
2096981,여,1974
2055608,남,1974
2020328,남,1972
2049031,남,1968
2060328,남,1969
3728723,남,1984
2176142,남,1966
2183384,남,1976
2008313,남,1973
2261153,남,1981
2140362,남,1972
2085224,남,1970
2117926,여,1976
2196759,남,1968
2579344,남,1986
2224126,남,1971
2127384,여,1971
2094527,남,1969
2369374,남,1983
3666408,남,1975
2169014,여,1970
2266273,여,1983
2222926,남,1965
2179918,남,1963
2059392,남,1968
2012287,남,1980
2151888,남,1970
2090134,남,1972
2068856,남,1974
2272169,남,1982
2187522,남,1972
2136961,여,1980
2029434,남,1966
2110759,남,1969
2138980,남,1962
2124951,남,1978
2573714,남,1974
2272122,여,1984
2208695,여,1985
2082549,남,1975
2224432,남,1971
2139890,남,1971
2083329,남,1964
2223829,남,1974
2185532,남,1971
2216309,남,1963
2272049,남,1981
2078907,남,1979
2032158,남,1966
2193282,남,1967
2156633,남,1974
2021426,남,1970
2063990,남,1968
2147301,남,1972
2193648,남,1976
2219984,남,1972
2577606,여,1988
2577419,여,1986
2061390,남,1975
2155033,여,1978
2508697,여,1987
2718611,남,1986
2313083,남,1984
2209665,남,1968
2168116,여,1980
2142537,남,1981
2308331,남,1983
2015985,남,1972
2322334,남,1973
2141876,남,1979
2005044,남,1974
2068309,남,1962
2272880,남,1981
2272721,남,1983
2081562,남,1970
2674055,남,1985
2879885,남,1970
2647737,남,1979
2124806,남,1968
2217971,남,1981
2194871,남,1969
2138527,남,1967
2041106,남,1970
2434103,남,1975
2107313,남,1968
2147450,남,1974
2133454,남,1967
2495091,남,1976
2196038,남,1979
2148866,남,1981
2061656,남,1964
2125443,남,1967
2056004,남,1971
2221378,남,1967
2577410,남,1981
2611576,남,1985
2080317,남,1974
2526097,남,1982
2258960,여,1984
2254073,남,1980
2047703,남,1970
2141643,남,1968
2079860,남,1972
2075055,남,1968
2272101,남,1980
2050020,남,1975
2020461,남,1970
2222330,남,1966
2090699,남,1979
2124946,남,1965
2173265,남,1968
2066353,남,1965
2139708,남,1967
2191389,남,1975
2526108,여,1986
2180008,남,1966
2202690,남,1964
2272031,남,1982
2370732,남,1983
2718801,여,1988
2142720,남,1970
2254659,여,1984
2179713,남,1974
2128754,남,1976
2041828,남,1963
2934237,남,1996
2764552,남,1988
2220681,남,1971
2434124,남,1974
2224910,남,1976
2226001,남,1976
2068957,남,1964
2933592,여,1993
2087124,남,1969
2090584,남,1971
2089886,남,1974
2312045,남,1983
2579306,여,1986
2528897,남,1983
2761251,남,1975
2406737,남,1976
2094042,남,1980
2812073,남,1987
2717487,여,1988
2013938,남,1978
2147461,남,1964
2034896,남,1965
2135181,여,1974
2166378,남,1969
2057893,남,1969
2272021,남,1979
2033612,남,1978
2213204,여,1979
2162666,남,1971
2027248,여,1980
2132952,남,1974
2136096,남,1975
2219476,남,1964
2036451,남,1969
3703198,남,1992
2166307,남,1971
2097078,남,1978
2024052,남,1964
2271659,여,1984
2153465,남,1969
2123359,여,1982
2615373,남,1985
2577541,남,1984
2190916,남,1967
2162222,남,1975
2055426,남,1967
2147019,남,1970
2133977,남,1971
2027780,남,1970
2804681,여,1989
2859955,남,1988
2099223,남,1972
2010699,남,1975
2125832,남,1980
2058616,남,1972
2504550,남,1975
2045975,남,1964
2369384,남,1985
2640942,남,1975
2564051,남,1971
2009294,여,1980
2312614,남,1984
2224759,남,1972
2934255,여,1996
2313817,남,1983
2102112,남,1970
2208087,남,1973
2983438,남,1988
2225124,남,1970
2045649,남,1975
2017325,여,1979
2182880,남,1969
2093704,남,1968
2206137,남,1970
2205096,남,1973
2136915,남,1976
2046611,남,1964
2403673,남,1978
2123161,남,1978
2105623,남,1965
2613526,남,1986
2683788,남,1973
2734987,남,1971
2052956,남,1971
2203737,남,1977
2023036,남,1969
2006524,남,1967
2530011,남,1983
3057460,남,1989
2433608,남,1984
2049084,남,1967
2005757,남,1970
2534879,남,1969
2530269,남,1982
2123954,남,1968
2168106,남,1971
2114206,남,1971
2614722,남,1987
2308372,남,1982
2012654,남,1969
2012860,남,1979
2163285,남,1970
2271850,남,1982
2138212,남,1966
2138751,남,1966
2203791,남,1968
2173268,남,1969
2616000,여,1985
2450002,남,1985
2763189,남,1989
2118539,남,1974
2094327,남,1979
2271814,남,1981
2505254,남,1977
3597529,여,1991
2209604,남,1971
2534416,남,1982
2125592,남,1970
2200439,남,1977
2040011,남,1963
2219212,여,1973
2098946,남,1966
2048928,남,1980
2372015,여,1985
2272141,남,1981
2100810,남,1976
2066641,여,1970
2769183,남,1978
2181952,남,1980
2406669,남,1978
2308526,남,1983
2007051,남,1981
2859899,남,1985
2126730,남,1975
2804697,남,1988
2059023,남,1965
2087641,남,1967
3133445,남,1978
2056237,남,1969
2226636,남,1974
2027006,남,1969
2578878,남,1985
2615294,남,1977
2014915,남,1971
2054927,남,1981
2030211,남,1975
2259220,여,1973
2608920,여,1982
2160649,남,1971
2164436,남,1965
2081307,남,1973
2781228,여,1986
2120703,남,1971
2022044,남,1981
2085263,남,1973
2384088,남,1971
2152128,남,1973
2145608,남,1980
2077826,남,1980
2358533,여,1987
2007543,남,1970
2163358,남,1975
2990576,남,1973
2674085,남,1987
2254727,남,1984
2167460,남,1967
2673905,여,1987
2133291,남,1971
2313754,남,1981
2673857,남,1985
2452886,남,1975
2134676,남,1980
2100061,남,1974
2079677,남,1965
2234729,여,1974
2161590,남,1972
2718834,남,1988
2271839,남,1983
2718044,여,1988
2090522,남,1970
2027099,남,1972
3632500,여,1986
2033976,남,1971
2133279,남,1974
2018292,남,1977
2385653,남,1977
2199981,남,1981
2020729,여,1980
2274880,남,1975
2030036,여,1982
2183300,남,1969
2176701,남,1974
2281539,남,1972
2045126,남,1972
2761091,남,1976
2361411,남,1980
2471172,남,1975
2194141,남,1969
2076942,여,1978
2082709,남,1965
2213681,남,1970
2110507,남,1975
2175936,남,1966
2008037,남,1974
2804687,남,1987
2206000,여,1981
2098843,남,1970
2611531,남,1987
2217731,남,1970
3524982,남,1991
2117411,남,1969
2162100,남,1967
2303565,남,1977
2577563,남,1984
2717414,남,1984
2183632,남,1970
2147964,남,1967
2056872,남,1971
2028659,남,1971
2124240,남,1976
2226673,남,1977
2271915,남,1984
3757568,남,1971
2076296,남,1976
2041500,남,1967
2142923,남,1974
2316448,여,1978
2151518,남,1966
2180285,남,1970
2057472,남,1980
2201040,남,1962
2059926,남,1973
2508680,남,1985
2207149,남,1974
2042837,여,1972
2031858,남,1980
2615956,남,1986
2094059,남,1971
2164078,남,1980
2207422,남,1969
2195295,남,1980
2718901,여,1988
2208445,여,1982
2215081,남,1976
2718805,남,1988
2129863,남,1974
2172836,남,1965
2075771,남,1972
2303516,남,1986
2271851,남,1983
2718111,남,1985
2209432,남,1979
2052564,남,1981
2311933,여,1985
2197974,남,1974
2258935,남,1981
2006385,남,1981
3712321,남,1979
2208109,남,1972
2208450,남,1979
2751058,남,1974
2039497,남,1968
2164343,여,1982
2905786,남,1971
2155524,남,1981
2170246,남,1976
2089779,남,1967
2008410,남,1971
2218451,여,1976
2117430,남,1978
2905960,남,1969
2069483,남,1975
2615305,여,1993
2058177,남,1982
2097079,남,1975
3666406,여,1978
2162949,여,1982
2059295,남,1969
3030339,남,1975
2709167,남,1989
3703203,남,1993
3703179,남,1993
2068092,남,1971
2018271,남,1965
2154070,여,1965
2276485,남,1974
2160845,남,1970
2160511,여,1972
2117269,남,1975
2311969,여,1986
2063236,남,1973
2074318,남,1964
2204924,남,1974
2026367,여,1983
2229577,남,1980
2053760,남,1972
2718895,남,1984
2933638,여,1991
2041960,남,1976
2264207,남,1979
2311946,여,1984
2814586,남,1988
2008230,남,1977
2406599,여,1977
2718035,여,1990
2311961,남,1982
2070748,남,1977
2113948,남,1974
2933609,남,1989
2151621,남,1967
2003064,남,1974
3057451,남,1989
2718066,남,1986
2187080,여,1969
2717380,남,1985
2137153,남,1979
2370809,여,1986
2274093,남,1972
2583850,남,1979
2614723,남,1987
2117003,남,1978
3740898,남,1985
2036114,여,1984
2185357,남,1980
3757557,남,1965
3696377,남,1981
3757572,남,1979
2226122,여,1981
2254666,남,1982
2764428,여,1989
2013785,남,1980
2162350,남,1965
2859853,여,1990
2157244,여,1972
2934252,여,1996
2078714,남,1971
2213712,남,1981
2450009,남,1982
2053464,남,1976
2673342,여,1988
2064735,남,1977
2198034,남,1974
2068314,여,1977
2282264,남,1969
3524988,남,1992
2763545,남,1985
3703186,남,1990
2802316,남,1988
2053269,여,1983
2307520,남,1982
2226942,남,1973
2235696,남,1965
2043262,여,1971
2254672,남,1982
2197613,남,1981
2308317,남,1983
2134213,남,1967
2138042,남,1978
2053469,남,1971
2718038,남,1986
2674216,남,1986
2042978,남,1975
2897615,남,1969
2577616,남,1986
2108028,남,1978
2802347,남,1987
3194350,남,1989
2139420,남,1968
2207334,남,1975
2562311,여,1990
2118030,여,1969
2717386,여,1988
2526141,여,1985
2013244,남,1971
2170224,남,1981
2187249,남,1973
2044973,남,1964
2615951,여,1987
3057499,여,1993
2312714,여,1987
3114958,남,1991
2639243,여,1981
2564514,남,1986
2191419,남,1970
2368895,남,1970
3194314,남,1992
2228846,남,1978
2113349,남,1975
2228564,여,1988
2504931,남,1983
2577426,남,1986
2718785,여,1988
2750675,남,1974
2117227,남,1970
2621277,여,1989
2236339,남,1982
2019070,남,1965
3588346,남,1992
2200602,여,1978
2200906,남,1976
2006378,남,1973
2101964,여,1987
2252707,남,1970
2220982,남,1981
2254750,남,1982
2271639,남,1981
2822114,남,1981
2611973,남,1986
2743790,남,1981
2537196,남,1972
3525038,여,1993
2804692,여,1991
2502734,남,1976
2092322,남,1967
2099907,남,1974
2019512,남,1974
2195538,남,1973
2221129,남,1975
2579297,남,1985
2718023,남,1986
2384077,남,1975
2271859,남,1982
2202280,여,1982
2369409,남,1984
2063992,남,1970
2153863,남,1972
2579285,남,1982
2258889,여,1984
2076134,남,1977
2008307,남,1967
2673341,남,1985
2281538,남,1972
2718792,여,1988
2717449,여,1989
2369927,남,1983
2087371,남,1966
2115457,남,1979
2804618,남,1990
2434098,남,1970
2359431,남,1980
2534459,남,1986
2258909,남,1983
2110721,남,1977
2983429,여,1990
2005849,남,1972
2582874,남,1986
2366532,남,1985
2372016,남,1985
2271812,남,1981
2052346,남,1979
2092728,남,1970
2200976,남,1964
2162712,남,1963
2279294,남,1976
2027914,남,1968
2169924,남,1967
2214775,남,1971
3114978,남,1991
2801334,여,1996
2099863,남,1974
3703201,여,1994
2371451,남,1978
2101839,남,1981
2025470,여,1981
2579324,남,1983
2236242,남,1983
2182183,남,1980
2370837,남,1984
2149754,남,1971
2058192,여,1982
2177799,여,1981
2814629,남,1989
2324828,남,1980
2718003,남,1987
2074233,여,1973
2159373,남,1962
2804606,남,1988
2196590,남,1968
2059527,남,1967
2021166,남,1978
2181288,남,1973
2053439,남,1972
2071596,여,1966
2236277,남,1982
2677386,남,1980
2045085,남,1966
2311920,남,1982
2001810,남,1966
2203556,남,1973
2165242,남,1972
2811171,여,1970
2064340,여,1973
2140381,남,1966
2124653,남,1971
2220477,남,1969
2542950,남,1976
2452198,남,1973
2165646,남,1963
2215064,남,1982
2175379,남,1962
2116983,남,1965
2224696,남,1963
2067079,남,1967
2039500,남,1961
2078588,남,1966
2089424,남,1965
2219018,남,1969
2125800,남,1962
2201825,남,1965
2717394,남,1987
2718909,남,1988
2180498,남,1970
2192212,남,1963
2110735,남,1965
2372024,남,1983
2186570,남,1962
2275106,남,1961
2153380,남,1965
2019931,남,1968
2225934,남,1968
2158303,남,1962
2079575,남,1963
2181950,남,1965
2139883,남,1963
2859164,여,1989
2066300,남,1967
2094932,남,1963
2781421,남,1975
2225885,남,1971
2229644,남,1968
2508891,여,1986
2021910,남,1972
2206030,남,1964
2119406,남,1982
2611558,남,1987
2704006,여,1980
2157667,남,1968
2078500,남,1967
2859912,여,1990
2122555,남,1967
2126940,남,1967
2814595,남,1988
2147300,남,1975
2085255,남,1971
2046174,남,1968
2114040,남,1971
2128004,여,1976
2859838,남,1990
2153520,남,1974
2188595,남,1964
2613528,남,1987
2075186,남,1969
2117931,남,1966
2046682,남,1972
2114604,남,1965
2718798,남,1986
2157265,남,1967
2212289,남,1970
2227008,남,1964
2906172,여,1982
2434101,남,1978
2135268,남,1970
2406111,남,1985
2071526,여,1982
2029755,남,1971
2718094,남,1986
2140355,남,1969
2717485,남,1984
2115166,남,1969
2837908,여,1981
2366977,남,1984
2214392,남,1971
2055574,남,1972
2021882,남,1970
2802320,여,1988
2677527,남,1975
2311916,여,1982
2069031,남,1967
2114228,남,1970
2803588,남,1986
2216423,남,1967
2074368,남,1968
2166856,남,1968
2190640,여,1981
2534421,여,1988
2718904,남,1988
2121122,남,1963
2534399,남,1983
2406638,남,1986
2449981,남,1985
2124261,남,1968
2155517,남,1981
2674061,남,1987
2149563,남,1965
2672884,남,1986
2528380,남,1977
2030366,남,1975
2064273,남,1974
2543005,남,1976
2279328,남,1975
2398596,남,1974
2099161,남,1981
2111283,남,1976
2018353,남,1971
2812040,여,1991
2832977,여,1976
2093312,남,1979
2384083,여,1976
2162629,남,1974
2081490,남,1978
2717510,여,1988
2256527,여,1984
2577518,남,1983
2086230,남,1980
3114979,여,1991
2704237,여,1994
2577625,여,1988
2205244,남,1971
2160260,남,1971
2013622,남,1970
2312719,남,1983
2272175,남,1981
2673301,남,1987
2577576,남,1984
3057439,여,1993
2508630,여,1985
2090389,남,1972
2481281,남,1973
2181995,남,1967
2197363,남,1971
2577552,남,1982
2589168,여,1978
2089000,남,1973
2046166,남,1975
2054440,남,1965
2983435,여,1991
2228936,남,1968
2562667,남,1979
2615207,남,1975
2718073,남,1988
2802317,남,1987
3757559,남,1982
2202850,남,1974
2213383,남,1979
2384370,여,1980
3757563,남,1972
2175707,남,1976
2007015,남,1971
2133734,남,1974
2132311,남,1975
2178586,남,1978
3057427,남,1991
2934238,남,1996
2227310,여,1974
2188649,남,1975
2526099,여,1986
2449985,남,1985
2508698,남,1982
2543020,남,1979
2611579,남,1989
2226521,남,1964
3194332,남,1991
2069715,여,1972
2781504,남,1980
2213343,여,1975
2005954,여,1972
2557035,남,1984
3194316,남,1985
2615959,남,1987
2718098,남,1987
2135626,남,1972
2223332,남,1967
2111055,남,1981
2047511,남,1971
2039876,남,1963
2503370,남,1977
2171762,남,1980
3194303,남,1989
2188298,남,1970
2309559,여,1990
2111550,남,1974
2148319,남,1964
2674230,여,1989
2236290,남,1982
2718015,여,1989
2042623,남,1977
2088942,남,1964
2073665,남,1967
2222425,여,1977
2097865,남,1977
2763139,남,1989
2672968,남,1986
2308325,남,1984
2003384,남,1970
2804690,남,1987
2048644,남,1974
2164410,여,1969
2763567,여,1989
2066137,남,1978
2303547,남,1974
2508667,남,1984
2166372,남,1966
2812117,여,1991
3057489,여,1992
2134229,남,1975
2419129,남,1979
2508733,여,1985
3057472,여,1993
2167650,남,1980
2718011,남,1990
2126792,남,1974
2223068,남,1968
2068520,남,1970
2674068,남,1985
2186713,남,1974
2933574,남,1990
2019144,남,1971
3694695,남,1982
2141840,남,1981
2117491,여,1982
2718135,여,1987
2177521,남,1970
2108440,남,1968
2011869,남,1965
2308346,여,1986
2229144,남,1971
2126605,여,1974
2802386,여,1989
2674168,남,1985
2168807,여,1970
2763152,여,1990
2191846,남,1964
3114995,남,1989
2064596,남,1973
2156050,여,1975
2205464,남,1978
2615300,여,1993
2123078,남,1971
2125324,남,1973
2859872,남,1987
2136945,남,1964
2496112,남,1979
2674141,남,1983
2674048,여,1988
2204424,남,1971
2041553,남,1964
2763541,남,1986
2804615,여,1989
2018154,남,1973
2577608,남,1984
2010627,남,1968
2611583,남,1988
2236343,여,1986
2121322,남,1967
2615940,남,1981
2228081,남,1971
2012164,남,1975
2026573,남,1971
2763203,여,1988
2311930,남,1982
2143168,남,1966
2153054,남,1973
2070174,남,1963
2165262,남,1967
2718057,여,1988
2859878,남,1988
2063969,남,1964
2167926,남,1967
2613632,여,1988
2271263,여,1983
2897378,여,1979
2184151,남,1977
2763132,남,1988
2315983,남,1976
2214611,여,1972
2161779,남,1966
2674185,여,1989
2936308,여,1989
2165385,여,1983
2256445,남,1982
2622158,남,1977
2146758,남,1967
2269899,남,1968
2125341,남,1969
2764496,남,1988
2528925,여,1986
2220936,남,1970
2308235,남,1982
2718099,여,1988
2313752,남,1983
2053009,여,1983
2611518,여,1987
2157571,남,1973
2449978,여,1987
2087257,남,1976
2007649,여,1981
2812071,남,1988
2801347,남,1995
3114984,남,1990
2802343,여,1990
2027890,남,1973
2508625,여,1987
2059569,남,1975
2381713,여,1980
2718006,남,1985
2026982,여,1977
2508758,여,1986
2717427,남,1987
2543910,남,1975
2814606,남,1989
2199362,남,1965
2119597,남,1971
2202934,남,1971
2812091,남,1988
2312279,남,1983
2157820,여,1977
2271895,남,1981
2199191,남,1975
2156442,여,1975
2562660,남,1969
2122274,남,1966
2280023,남,1983
2093659,남,1977
2174003,남,1973
2030124,남,1963
2051503,여,1972
2182394,남,1973
2615403,여,1993
2846579,남,1961
2508626,남,1985
2997730,남,1973
2207550,남,1963
2865386,남,1982
2214158,남,1966
2123821,남,1976
2368962,남,1983
2057578,남,1971
2673170,남,1986
2144775,남,1967
2210339,남,1969
2163414,남,1976
2193585,남,1970
2271875,여,1984
2717385,여,1988
2031869,남,1965
2227089,여,1980
2640935,여,1972
2371965,남,1983
3144385,남,1975
2195435,남,1970
2535349,남,1976
2076408,남,1970
2804621,남,1986
2230929,남,1967
2117377,여,1978
2162427,남,1967
2801358,여,1996
2215308,여,1983
3124255,남,1989
2577603,남,1985
2216984,여,1983
2508749,남,1985
2006357,남,1973
2156493,여,1982
2148044,남,1970
2804625,남,1989
2002329,남,1973
2614781,남,1986
2183062,남,1973
2022200,남,1979
2206411,남,1973
2577443,남,1985
2184591,남,1979
2434100,남,1976
2406734,남,1974
2313836,여,1985
2577587,남,1981
2090664,남,1968
2212965,남,1966
2222019,남,1972
2527431,남,1970
2042370,남,1965
2859952,남,1988
2048727,남,1977
2095009,남,1982
2718842,여,1989
2717392,여,1987
2308182,남,1983
2130269,여,1973
2034354,남,1972
3525039,여,1993
2112505,남,1974
2812107,남,1989
2936284,여,1991
2541631,여,1992
2611584,남,1987
2003377,남,1979
2261171,남,1982
2088584,여,1983
2859145,여,1988
2194441,여,1978
2372005,남,1984
2118092,남,1966
2182988,남,1973
2718036,남,1988
2070274,남,1975
2194652,여,1982
2407051,남,1975
2936332,여,1990
2007627,남,1975
2434095,남,1973
2750695,여,1981
2023533,남,1972
2036402,남,1966
2041260,남,1967
2193442,남,1969
2434122,남,1977
2545036,여,1972
2236274,여,1984
2154633,여,1982
2017914,남,1965
2195764,남,1980
2372023,남,1983
2822108,여,1984
2672849,남,1984
2141767,남,1975
2672897,남,1985
2674147,여,1987
2271883,남,1981
2225972,여,1974
3776047,여,1985
2088290,여,1981
2206541,남,1972
2672856,여,1988
2230046,남,1982
2611519,여,1989
2014519,여,1981
2717366,여,1989
2176007,여,1979
2693256,남,1977
2060311,남,1980
2575758,남,1986
2271861,여,1982
2155734,여,1975
2672963,여,1987
2199118,남,1970
3776045,여,1986
2934231,남,1996
2073426,여,1978
2271817,여,1983
2181183,남,1966
2775545,남,1978
2272163,남,1982
2677518,남,1970
2227426,남,1968
2369953,남,1983
2130926,남,1981
2764430,여,1989
2168362,남,1976
2562683,남,1976
2066823,여,1971
3729256,여,1987
2673919,여,1985
2095564,남,1970
3020954,남,1973
2236263,남,1981
2011548,남,1973
2307243,남,1977
2562325,남,1987
2027764,남,1977
2372038,남,1983
2104902,여,1976
2372826,남,1985
2148295,여,1978
2526105,여,1986
2718002,여,1989
2482898,여,1981
2718139,여,1990
2255719,남,1967
2065720,남,1972
2182924,남,1971
2228128,남,1971
2099185,남,1966
3800726,남,1987
2097331,여,1982
2451430,남,1972
3114959,여,1990
2647711,남,1974
2210206,남,1974
2195297,남,1973
2037005,여,1984
3114982,여,1990
2272065,남,1982
2308225,남,1983
2308312,남,1983
2197342,남,1969
2056728,남,1974
2314594,남,1975
2093164,남,1977
2508775,남,1986
2142282,남,1972
2450010,남,1982
2220589,남,1970
2254741,남,1981
2577542,남,1983
2064915,남,1969
2005570,남,1966
2132025,여,1980
2124707,남,1978
2313822,여,1983
2674130,여,1987
2679618,여,1981
2012123,남,1977
2376779,남,1968
2085610,남,1981
2036645,여,1977
2022340,남,1972
2657579,남,1978
2083848,여,1981
2859169,여,1990
2548919,여,1979
2562664,남,1980
3057410,남,1989
2217307,남,1964
2229512,여,1982
2110070,남,1981
2021769,남,1962
2804653,남,1987
2016992,여,1969
2272759,남,1980
2047271,남,1971
2105963,남,1966
2051455,남,1979
2053441,남,1962
2017819,남,1974
2802353,남,1987
2720463,남,1976
2132378,남,1966
2369379,남,1983
2764530,남,1988
2109359,남,1970
2166511,남,1961
2804649,남,1988
2717475,여,1988
2859971,여,1990
2047059,남,1979
2312050,남,1983
2117313,남,1981
2471194,남,1975
3057556,남,1989
2049533,남,1971
2108753,여,1982
2157975,남,1965
2079627,남,1972
2672853,여,1987
2077467,남,1968
2983383,여,1991
2313906,남,1980
2210222,남,1982
2602324,남,1978
2187976,여,1974
2053859,남,1966
2859879,남,1985
2029606,남,1971
2764372,여,1987
2151980,남,1971
2173535,남,1973
3057442,남,1986
2062319,여,1982
2030502,남,1976
2528875,여,1987
2611553,여,1989
2032740,남,1982
3114996,여,1990
2062525,여,1976
2672886,남,1984
2140105,남,1981
2308816,여,1981
2109862,남,1974
2312686,여,1985
2433612,남,1983
2131087,여,1983
2562676,남,1974
3057429,여,1991
2577546,여,1987
2099763,남,1974
3057547,남,1988
2003866,남,1973
2163526,남,1977
2199153,남,1973
2704231,여,1994
2261161,남,1982
2039555,여,1982
2082952,남,1968
2079069,남,1973
2803566,여,1989
3144384,여,1972
2763136,여,1990
2205116,남,1977
2543024,여,1988
2095654,남,1967
2171782,남,1981
2541990,여,1981
2099940,여,1970
3194346,남,1986
3694690,여,1985
2171741,남,1981
2230906,남,1976
2126480,남,1967
2160502,여,1973
2023681,남,1977
2118518,남,1966
2170545,남,1974
3057532,여,1988
2812097,남,1988
2236324,남,1981
2764376,남,1987
2204416,남,1977
2187711,여,1983
2120052,여,1981
2486944,남,1972
2224925,남,1965
2146678,남,1972
2763527,여,1990
2151952,남,1970
2108951,남,1971
2717479,여,1988
3666407,남,1982
2529998,남,1985
2108461,남,1964
2962287,여,1984
2508688,남,1986
2717421,여,1989
2164486,여,1978
2131653,여,1974
2261165,여,1985
2136751,남,1976
2614779,여,1988
2140608,여,1980
2763565,남,1983
2615968,여,1989
2236248,남,1981
2141924,남,1967
2061524,남,1977
2312059,여,1985
2191659,남,1971
2222248,남,1968
2077812,남,1980
2025911,여,1970
2111085,남,1964
2066419,여,1983
2764429,남,1981
2186740,남,1965
2372021,남,1983
2110994,여,1976
2577537,여,1987
2577458,여,1986
2230984,남,1981
2832946,여,1973
2804683,남,1986
2014386,남,1963
2528915,남,1984
2831789,남,1978
2082977,남,1971
2088205,남,1967
2062904,남,1966
3057495,여,1992
2166016,남,1971
2215103,남,1976
2801321,여,1992
2187179,여,1971
2204435,남,1971
2592246,남,1978
2534455,여,1987
2764407,여,1989
2098482,남,1973
2187660,남,1967
2857118,여,1969
2200533,남,1970
2218281,남,1974
2450000,남,1981
2023425,남,1976
2592247,남,1974
2672858,남,1985
2215010,남,1972
2693249,남,1972
2554933,여,1983
3568064,남,1980
2611560,남,1986
2614796,남,1986
2175440,여,1978
2482904,남,1974
2508742,남,1984
2525017,남,1977
2263919,남,1976
2147342,남,1970
2575744,여,1987
3057414,여,1989
2308330,남,1983
2689045,남,1976
2407030,남,1976
2654645,남,1988
2933643,여,1992
3057479,남,1991
2057862,남,1970
2256459,남,1982
2071871,남,1979
2554938,남,1979
2044998,남,1964
2174376,남,1981
2577557,여,1988
2673343,남,1983
2727304,남,1976
2312049,남,1983
2224349,남,1970
2271829,남,1983
2222888,남,1971
2764439,남,1988
2108878,여,1988
3712315,여,1985
2223098,남,1978
2673912,여,1989
2482880,남,1975
3114964,남,1988
2048465,남,1968
2577500,여,1985
2615958,남,1987
3057488,남,1987
2095897,남,1961
2781229,여,1989
2554939,남,1974
2369451,남,1983
2272696,남,1981
2074259,남,1971
2434112,남,1978
2614751,남,1983
2763176,남,1986
2043563,남,1971
2004500,남,1971
2683794,남,1976
2859925,여,1989
2312056,남,1983
2146581,남,1971
2199813,남,1970
2124646,남,1982
2093671,남,1969
2202316,남,1971
2087674,남,1964
2117416,남,1968
2091395,여,1970
2564610,남,1979
2258922,여,1984
2717375,남,1987
2041058,남,1974
2579352,남,1985
2189245,남,1974
2136948,남,1973
2195943,남,1972
2005422,남,1982
3114994,남,1990
2070122,남,1967
2384170,여,1971
3057521,여,1991
3470023,남,1974
2165707,남,1964
2050620,남,1970
2530050,여,1987
3057409,여,1992
3057498,남,1987
2219623,남,1965
2209235,여,1989
3699472,여,1993
2470893,남,1977
2103329,남,1970
2272727,남,1983
2185526,남,1979
3040519,여,1971
2212399,남,1969
2927032,남,1970
2384104,남,1977
2105814,남,1970
2221192,남,1979
2056006,남,1972
2579244,남,1985
2018777,남,1981
2814604,남,1988
2190228,남,1980
2163851,남,1967
2009261,여,1984
2070367,남,1975
2562668,남,1976
2528378,여,1969
2528382,남,1973
2401885,남,1976
2577499,남,1986
2614798,여,1988
2139722,남,1980
2812055,남,1988
2364947,남,1975
2936305,남,1988
2062785,남,1976
2371748,남,1985
2614721,여,1988
2611548,남,1986
2258987,남,1982
2814637,남,1989
2032499,남,1980
2067317,남,1971
2265885,남,1975
2764544,여,1990
2231378,남,1972
2258924,여,1983
2672881,여,1987
2146444,남,1969
2022611,남,1970
2128600,여,1969
2884527,남,1979
2071263,남,1976
2718876,남,1987
2811136,여,1974
2857117,여,1978
3057433,남,1987
2028570,남,1966
2281700,여,1973
2727281,남,1981
2873786,여,1974
2577561,남,1987
2673302,남,1988
2508713,여,1988
2078705,남,1967
3699469,여,1992
2094772,남,1970
2179548,남,1971
2811149,여,1970
2554926,남,1981
2256480,남,1981
2065121,남,1975
2384595,남,1979
2101906,여,1982
2184616,여,1977
2002422,남,1965
2528874,남,1984
2763553,여,1989
2470892,남,1981
2433592,여,1987
2764641,여,1989
2136554,남,1972
2764472,남,1988
3114975,여,1990
2804614,남,1989
2046637,남,1979
2194068,여,1979
2983401,남,1987
2769184,여,1978
3694692,남,1983
3057473,남,1989
2045289,남,1963
2218446,남,1969
2802334,여,1986
2022855,남,1972
2494125,남,1982
2101327,남,1968
2085139,남,1974
2106730,여,1971
2198218,여,1973
2312710,남,1983
2139059,남,1980
2407042,남,1978
2154154,남,1974
2764479,남,1987
2163815,남,1967
2190205,여,1974
2179811,남,1981
2674197,남,1987
2983385,남,1989
2353639,남,1983
2763187,남,1988
2116598,남,1979
2121401,남,1969
2103862,남,1973
2178662,여,1981
2104915,여,1975
3057478,남,1989
2668208,남,1977
2614734,여,1988
2812124,남,1989
2161341,남,1970
3740901,남,1969
2583852,여,1976
2129681,남,1971
2086449,남,1965
2615964,여,1988
2199833,여,1983
2718043,여,1988
2812076,여,1987
2308363,남,1985
2452881,남,1977
2482899,남,1977
2534503,남,1985
2271952,여,1983
2146144,남,1979
2763174,여,1986
2124009,남,1976
2308492,남,1983
2718068,남,1986
2099186,남,1974
2803549,남,1986
2769181,남,1971
2103102,남,1973
2370733,남,1983
2100414,여,1976
2210152,남,1971
2107518,남,1975
2157982,남,1973
2406735,남,1975
2526172,남,1986
2202976,여,1970
2208128,남,1976
2230605,남,1976
2577611,남,1982
2508709,여,1986
2086847,남,1973
2859926,여,1990
2812090,남,1987
2169971,남,1980
2016925,남,1980
2302870,남,1967
2167336,여,1972
2718787,남,1988
2017586,남,1971
2105460,남,1971
2042864,여,1980
3800728,남,1978
2200014,남,1976
2227442,남,1976
2191208,남,1964
2450003,남,1983
2104485,남,1980
2672898,남,1983
2015825,남,1974
2173911,남,1967
2059492,남,1972
2718030,남,1987
2129047,남,1976
2312707,남,1982
2611577,남,1986
2162273,남,1971
3712318,남,1984
2674190,남,1983
2621279,남,1986
2093464,남,1968
2236289,남,1982
2069174,남,1972
2111152,남,1974
2764453,남,1987
2717481,남,1985
2165177,여,1982
3712319,남,1987
3865458,남,1980
2175551,남,1976
2674046,남,1987
2859140,여,1990
2639249,남,1983
2272709,여,1985
2004021,남,1973
2577627,남,1984
2228977,남,1965
2764535,남,1984
2543010,남,1977
2611555,남,1985
2804594,여,1989
2213455,남,1968
2814590,남,1987
2236267,여,1985
2009079,남,1981
2804651,남,1986
2859158,여,1991
2657436,남,1969
2131747,여,1969
3729231,남,1982
2096299,남,1981
2066463,남,1972
2138130,남,1975
2374331,남,1980
2859839,여,1992
2210279,남,1974
2673915,남,1985
2094621,남,1971
2134738,남,1970
2254709,여,1983
2077283,남,1976
2038988,남,1969
2030860,남,1967
2579259,여,1987
2718921,남,1988
2144895,남,1971
2613544,남,1985
2097124,남,1972
2717532,여,1986
2065305,남,1980
2674091,여,1987
2369368,남,1982
2079364,남,1971
2088307,남,1968
3192052,남,1976
2857097,남,1971
2764514,남,1987
2163644,남,1973
2030483,남,1978
2368957,여,1976
2324873,남,1976
2190111,여,1972
2222950,여,1980
2614790,남,1985
2085078,남,1980
2801526,남,1973
2022071,남,1976
2254719,여,1984
2718887,남,1987
2074214,남,1967
2802366,남,1986
2673903,여,1988
2718601,남,1986
2033645,남,1971
2562688,남,1981
2271873,남,1983
2577476,여,1987
2171776,남,1973
2398136,남,1976
3597538,여,1993
2764444,남,1986
2577417,남,1984
2115920,남,1967
2080199,남,1973
2116797,여,1980
2145461,남,1973
2804682,남,1988
2079277,여,1974
2088496,남,1974
2543006,남,1976
2116435,남,1966
2802395,여,1990
2548939,여,1981
2674103,여,1985
2118867,남,1982
2261159,남,1982
2199516,여,1978
2258956,여,1983
2139747,남,1972
2621307,남,1987
2383583,남,1984
2256457,남,1982
2103574,남,1972
2254664,남,1982
2801584,남,1980
2105895,남,1970
2116325,남,1973
2526143,여,1986
2254755,남,1981
2528878,남,1985
2175515,여,1977
2170341,남,1967
2103121,남,1969
2718124,남,1987
2030117,남,1972
2112912,남,1964
2193489,남,1968
2209588,남,1976
2371750,남,1982
2613520,남,1984
2164816,남,1972
2611530,남,1985
2119164,남,1965
2136026,남,1976
2934247,남,1996
2764404,남,1985
2009846,남,1969
2577517,남,1985
2579322,남,1983
2308355,남,1981
2257235,남,1984
2372929,여,1988
2136739,남,1975
2205803,남,1968
2303294,남,1974
2069958,남,1981
2302816,여,1973
2009028,남,1970
2161088,여,1977
2508678,남,1985
2024577,여,1983
2047236,남,1970
2254668,남,1981
2144879,남,1970
2054816,남,1964
2735208,남,1980
2814607,여,1989
2695257,남,1988
3114955,여,1990
2078699,남,1969
2303659,남,1970
2085018,남,1975
2534418,남,1985
2098527,남,1971
2047186,남,1972
2102108,남,1967
2008222,여,1971
2036063,남,1975
2159397,남,1972
2005750,남,1971
2088026,남,1967
2528927,남,1985
2801564,남,1976
2163361,남,1973
2313810,남,1981
2983403,남,1987
2221432,여,1984
2086908,남,1972
2124787,남,1970
2279290,남,1979
2252897,남,1976
2254716,남,1983
2077365,여,1984
2235529,여,1977
2763161,여,1989
2832944,여,1980
2575746,여,1987
2312273,남,1982
2313066,남,1983
2226665,남,1973
2085463,남,1971
2718116,남,1986
2010298,여,1982
2156182,여,1980
2099383,남,1971
2116305,여,1983
2087075,남,1964
2182520,여,1975
2021958,남,1971
2548912,남,1979
2822116,남,1979
2936261,남,1986
2215685,남,1975
2121577,남,1976
2207248,남,1972
2195000,여,1984
2030299,남,1978
2088207,남,1965
2172669,남,1973
2718071,여,1990
2802323,여,1990
2091263,남,1973
3757571,남,1981
2173514,남,1971
2045954,남,1977
2206809,남,1972
2450014,남,1983
2116533,남,1974
2105043,남,1974
2275388,여,1987
2313838,여,1984
2061485,남,1977
2196478,여,1968
2313833,여,1986
2814596,남,1989
2265889,남,1980
2020849,남,1970
2859863,여,1989
2504912,남,1983
2229951,여,1982
2859834,여,1989
2419133,남,1978
2927033,남,1968
2718037,남,1986
2406668,남,1975
2735105,남,1975
2353634,남,1980
2071122,남,1973
2307256,여,1985
2717452,남,1983
2933585,여,1990
2812098,남,1987
2189059,남,1972
2811093,여,1979
2166963,남,1966
2076459,여,1977
2073693,남,1972
2168140,여,1974
2718080,남,1987
2151125,남,1969
2261172,남,1981
2144015,남,1972
2811178,여,1974
2064718,남,1971
2073379,남,1968
2122177,남,1971
2184601,남,1974
2672879,남,1983
2313091,남,1983
2150807,여,1971
2579311,남,1986
2133872,여,1975
2575766,여,1989
2055228,남,1969
2933678,여,1992
2029737,남,1963
2508721,남,1988
2673048,남,1985
2116894,남,1977
2022525,남,1972
2150415,남,1978
2008948,남,1973
2152962,남,1969
2674109,남,1985
2443696,여,1979
2106172,남,1975
2762239,남,1982
3194331,남,1991
2136400,남,1963
2611596,남,1986
2159391,남,1973
2366981,남,1982
2504997,남,1985
2434094,남,1976
2672880,남,1985
2190676,남,1971
2577440,남,1985
2143629,여,1983
2543013,남,1978
2192704,남,1974
2528772,남,1977
2312042,여,1984
2933621,남,1986
2222510,여,1984
2579340,여,1986
2036891,남,1969
2712780,남,1973
2236329,남,1981
2470890,남,1976
2308520,여,1985
2592244,남,1982
2271910,남,1979
2717522,남,1986
2062891,남,1971
2159536,남,1979
2308489,여,1985
2804703,남,1988
2060949,남,1974
2750676,남,1975
2068074,여,1979
2857122,여,1971
2718138,남,1987
3712320,남,1976
3114987,남,1990
2529988,남,1984
2076589,여,1983
2236282,여,1983
2261176,남,1982
2019559,여,1972
2078079,남,1965
2672888,남,1984
2101153,남,1978
2812044,여,1990
2035560,여,1983
2108441,남,1980
2562343,남,1986
2312683,여,1986
2003235,남,1968
2313812,남,1983
2370276,여,1987
2037655,여,1981
2279739,여,1979
2161947,남,1976
2573703,여,1978
2579337,여,1985
2109433,남,1969
2169838,남,1968
2146276,남,1962
2207323,남,1975
2312696,남,1984
2163992,여,1971
2934263,남,1997
2172337,남,1974
2944624,여,1973
2934229,남,1996
2371718,남,1983
2017045,여,1976
2191317,남,1964
3553007,남,1984
2075716,남,1981
2058958,남,1968
2614757,남,1985
2132906,남,1970
2761419,남,1982
2147497,남,1971
2859142,여,1992
2612244,남,1985
2220906,여,1979
2177108,남,1972
2044687,여,1982
2095756,남,1978
2183342,남,1973
2812094,남,1986
3150531,여,1984
2359400,여,1980
2709183,남,1987
2066559,여,1981
2127377,남,1969
2983412,여,1990
2577549,여,1986
2001727,남,1970
2119240,남,1969
2611580,여,1988
2371770,여,1986
2118323,남,1972
2764458,남,1986
2934720,남,1975
2983421,여,1991
2022136,남,1974
2308362,남,1983
2208816,남,1966
2859151,여,1992
2212119,남,1980
2011523,여,1977
2175342,남,1974
2236901,남,1981
2157312,여,1980
2058638,남,1973
2236337,남,1981
2641793,남,1983
2371719,남,1985
2672885,여,1988
2369950,남,1985
2124462,여,1971
2162441,남,1971
2185826,여,1975
2475973,여,1992
2110754,남,1968
2018626,남,1975
2672850,여,1988
2075578,남,1967
2312709,남,1983
2185057,남,1971
2313816,여,1984
2054900,여,1971
2470895,남,1978
2135185,여,1974
2131262,남,1961
2313753,여,1983
2577453,남,1986
2102013,남,1972
2673115,남,1982
2187120,남,1970
2008129,남,1971
2482903,남,1973
2859963,남,1987
2162727,남,1974
2080328,남,1977
2370738,남,1985
2508328,남,1970
2538000,여,1979
2611575,여,1988
2674228,남,1986
2750678,여,1982
2090137,남,1970
2537200,남,1973
2112555,여,1979
2677530,남,1981
2030186,남,1980
2035765,남,1968
2508320,남,1974
2216877,남,1965
2718021,남,1986
2763134,여,1990
2674083,남,1985
2008282,남,1962
2062478,여,1983
2032988,남,1977
2090880,남,1961
2741785,여,1974
2195604,남,1974
2205046,남,1976
2105318,남,1964
2704216,남,1994
2071836,여,1981
2006576,남,1971
2254721,남,1982
2166209,여,1970
2202398,남,1969
2578881,여,1987
2152983,남,1978
2562679,남,1981
2673928,여,1987
2209095,남,1970
2171006,남,1976
2105800,남,1969
2160825,남,1969
2221694,남,1980
2577482,남,1984
2046167,남,1968
2169889,남,1974
2674074,남,1983
2674060,남,1986
2003780,남,1966
2718791,남,1988
2046833,남,1971
2657588,남,1979
2804635,남,1988
2812069,남,1989
2718089,남,1989
2100623,남,1970
2193957,남,1969
2182217,남,1971
3057462,남,1989
2145045,남,1977
2224825,여,1980
2213929,남,1979
2032397,남,1971
2577601,여,1987
2279323,남,1971
2043085,남,1981
2058023,남,1970
2030407,남,1971
2674125,남,1986
2763574,여,1989
2057838,남,1977
2368969,남,1983
2164906,여,1972
3892201,남,1972
2071561,여,1984
2053278,남,1980
2508665,남,1984
2859895,남,1987
2271647,여,1982
2073061,남,1967
2802345,여,1989
2113526,남,1977
2616002,여,1988
2211888,남,1970
2011935,남,1969
2141982,남,1970
2936328,여,1991
2264857,남,1975
2272027,남,1982
2276490,여,1980
2859846,남,1989
2211643,여,1982
2122057,남,1979
2219215,남,1972
2384078,남,1976
2201841,여,1979
2315494,남,1970
2272711,남,1981
2577487,남,1984
2433609,남,1984
2015755,여,1981
3553006,남,1985
2017480,여,1982
2811105,여,1976
2673851,여,1986
2069815,남,1961
2611515,여,1988
2718042,남,1984
2034303,여,1982
2308352,남,1983
2063129,남,1966
2802344,남,1987
2131991,남,1970
2369386,여,1985
2735107,남,1976
2046523,남,1970
2804659,남,1987
2674038,남,1984
2042248,남,1970
2164605,여,1978
2006234,남,1973
2612245,여,1987
2508767,여,1988
2093933,여,1973
2057711,남,1964
2577539,남,1985
2673336,남,1987
2111173,여,1972
2098900,남,1969
2028523,남,1979
2105985,여,1976
2084347,여,1988
2611541,남,1985
2054083,남,1969
2106891,여,1980
2265887,남,1974
2224717,남,1962
2210402,여,1984
2718013,여,1989
2406637,남,1985
2170619,여,1977
2080405,여,1988
2717528,여,1990
2191358,남,1967
2026554,남,1975
2312028,여,1984
2832937,여,1974
2051826,남,1972
2263212,남,1972
2018266,여,1976
2722843,남,1987
2037510,여,1968
2114656,여,1982
2674165,남,1983
2933626,여,1990
2052679,여,1980
2271868,남,1980
2859970,여,1989
2761101,여,1978
2075990,남,1968
2227351,여,1978
2764448,남,1988
2812068,남,1989
2832967,여,1972
2811137,여,1977
2028156,남,1972
2184447,남,1970
2804662,여,1989
2028731,여,1980
2812078,남,1986
2832933,여,1973
2118780,남,1968
2214748,남,1968
2087658,남,1969
2811146,여,1974
2174538,남,1969
2050033,남,1972
2012642,남,1978
2258957,여,1984
2811134,여,1971
2116434,남,1972
2015350,여,1984
2045870,남,1979
2735176,남,1980
2673900,남,1984
2033599,남,1970
2021151,남,1967
2508623,남,1983
2577503,남,1986
2839111,여,1977
2203463,남,1977
2258946,남,1982
2718077,남,1987
2718800,여,1987
2038676,남,1972
2030734,남,1968
2079336,여,1973
2717457,여,1989
2113942,여,1981
2140241,남,1971
2018315,남,1973
2822113,남,1971
2803553,여,1991
2369956,남,1984
2073154,남,1974
2504913,남,1984
2804696,여,1992
2039103,남,1970
2312282,여,1985
2180164,여,1977
2107910,남,1969
2120981,남,1975
2138157,남,1970
2370827,남,1983
2166433,남,1968
2037471,여,1981
2859152,여,1989
2763577,남,1985
2080533,남,1969
2859900,여,1989
2577626,남,1985
2764525,여,1989
2050471,남,1970
2027130,여,1974
2042948,남,1964
2611597,남,1987
2027670,남,1976
2038866,여,1974
2174763,남,1977
2202696,남,1969
2087362,남,1976
2075645,남,1969
2482834,남,1977
2577493,여,1987
2189076,남,1982
2718913,여,1986
2047820,남,1974
2082854,남,1965
2154990,남,1969
2307255,여,1984
2189838,남,1980
2039582,남,1976
2003810,남,1974
2213395,여,1968
2543019,남,1980
2032829,남,1973
2324521,남,1980
2177002,남,1971
2934244,여,1996
2127604,남,1970
2034088,여,1977
2272701,여,1983
2185851,여,1985
2313819,여,1985
2814605,남,1989
2058446,여,1983
2210263,남,1976
2272762,남,1983
2069348,여,1975
2177524,남,1969
2899864,남,1965
2174586,남,1973
2068701,남,1980
2717428,남,1987
2579290,남,1984
2712778,남,1968
2804620,여,1992
2110796,남,1977
2116038,남,1965
2189114,남,1969
2312053,남,1982
2804654,여,1989
2371786,남,1982
2181918,여,1980
2180759,남,1964
2614744,남,1986
2261166,남,1982
2137394,남,1970
2482901,남,1979
2218149,여,1967
2132726,남,1982
2025123,남,1970
2763170,여,1990
2265883,남,1977
2370819,남,1982
2003165,남,1971
2174069,남,1971
2187145,여,1977
2577594,남,1985
2142319,남,1978
2078618,남,1978
2359327,남,1969
2741795,남,1975
2256451,남,1983
2615306,여,1994
2055823,남,1970
2017769,남,1975
2704212,남,1995
2151919,남,1971
2051029,남,1969
2735192,남,1980
2014155,남,1971
2717411,여,1987
2084754,남,1967
2934262,여,1997
2130772,남,1980
2138270,남,1969
2186114,남,1982
2048304,여,1981
2155399,남,1979
2230377,남,1980
2154227,남,1982
2534445,남,1984
2142341,남,1981
2812050,남,1988
2314660,남,1982
2065022,여,1981
2407052,남,1971
2171681,남,1973
2577600,남,1985
2063405,여,1975
2056871,남,1972
2185909,여,1981
2144816,남,1974
2269904,남,1977
2674119,남,1982
2110114,남,1969
2677519,남,1974
2042279,남,1973
2130793,남,1979
2094984,남,1967
2574018,남,1971
2046921,남,1977
2983399,남,1989
2621309,남,1985
2141184,남,1979
2220224,남,1965
2594269,남,1981
2811175,여,1978
2308228,남,1981
2013413,남,1970
2089859,남,1970
2200398,남,1965
2099837,남,1968
2138532,여,1979
2136168,남,1974
2031985,남,1968
2042604,남,1963
2370281,남,1983
2071851,여,1978
2061896,남,1977
2369361,남,1982
2110444,남,1973
2801348,남,1995
2763206,남,1986
2718833,여,1989
2934217,여,1993
2073351,남,1967
2313040,남,1974
2864577,여,1993
2167032,남,1971
2159879,남,1976
2763525,남,1987
2611586,남,1987
2108926,남,1971
2268569,남,1974
2802315,여,1989
2621290,남,1985
2101256,여,1982
2368896,남,1971
2166079,남,1969
2495092,남,1979
2613523,남,1986
2449991,남,1981
2205844,남,1967
2006471,남,1966
2182292,남,1969
2080520,여,1982
2045160,남,1973
2811124,여,1983
2132164,여,1983
2075481,남,1967
2677528,남,1977
2761252,남,1981
2764524,남,1987
2407069,남,1979
2020538,남,1974
2983427,여,1989
2080752,여,1971
2152721,남,1972
2042603,남,1979
2859868,여,1988
2141843,남,1970
2308374,남,1983
2023646,남,1969
2614767,남,1986
2115131,남,1970
2164425,남,1980
2003858,남,1980
2008353,남,1971
2353640,남,1984
3588326,남,1993
2166371,남,1968
2050022,남,1971
2648002,남,1979
2674223,남,1985
2018667,남,1965
2579331,여,1984
2764512,남,1987
2933677,여,1990
2312706,여,1984
2933625,남,1990
2804652,여,1990
2990465,남,1985
3524981,여,1992
2094639,여,1978
2577402,여,1986
2163020,남,1970
2366980,남,1984
2207733,남,1976
2020900,남,1982
2037912,남,1970
2640936,남,1976
2496113,남,1973
2313061,남,1986
2804698,남,1989
2562680,남,1977
2934221,여,1994
3703143,남,1989
2099522,남,1970
2543001,남,1975
2614800,남,1985
2812085,여,1990
3703144,남,1992
2124640,남,1974
2135305,남,1970
2229783,여,1982
2154900,남,1970
2281550,남,1976
3703165,남,1989
3524990,남,1990
2190021,여,1973
3589473,남,1984
2184865,남,1976
2024594,남,1971
2120632,남,1973
2673872,남,1984
2814609,남,1985
2121814,여,1984
2139039,남,1980
2129277,남,1973
2369373,남,1981
2223677,남,1972
2482896,여,1983
2054740,남,1967
2051807,남,1982
2657401,남,1975
2528365,남,1977
2272051,남,1983
2528861,남,1985
2674157,남,1984
2130320,남,1975
2147179,남,1971
2086886,남,1973
2271899,남,1981
2311918,남,1982
2254754,남,1983
2093732,남,1974
2859866,여,1986
2044203,여,1976
2119274,남,1980
2859949,남,1985
2196540,여,1978
2434110,남,1975
2074386,남,1971
2983378,남,1989
2035793,남,1979
2263209,남,1976
2433595,여,1985
2263203,남,1982
2801533,남,1975
2151196,남,1980
2212266,남,1977
2308243,남,1983
2219947,남,1971
2057650,남,1974
2717526,여,1990
2528913,남,1985
2052552,남,1970
2034287,남,1968
2069205,남,1974
2223408,남,1971
2159235,남,1971
2254725,남,1983
2065351,여,1969
2207804,남,1971
3703190,남,1992
2573724,남,1974
2161085,남,1974
2933672,남,1987
2822107,남,1975
2674176,남,1983
2196031,남,1973
2612242,남,1985
2764495,남,1984
3525052,남,1991
2070288,남,1973
2135084,남,1967
2147028,남,1977
2202855,남,1968
2149153,남,1965
2046152,남,1967
2615208,남,1974
2717435,여,1989
2983417,남,1990
2073637,남,1981
2527112,남,1977
2983416,남,1991
2045348,남,1970
2204000,남,1968
2048916,남,1972
2366982,여,1986
2058949,남,1969
2155695,남,1970
2934243,남,1996
2031337,여,1971
2577516,남,1984
2577533,여,1986
2312692,여,1986
2137144,남,1971
2508651,남,1986
2704227,남,1994
2165611,남,1975
2025063,여,1972
2611539,여,1988
2004103,여,1980
2538868,남,1980
2508726,남,1983
2146298,남,1981
2179418,여,1976
2220496,여,1983
2044358,여,1978
2211034,남,1970
2037906,남,1972
2434111,남,1974
2019093,남,1978
3703202,남,1993
2037858,남,1981
2472810,여,1969
2152257,남,1976
2370743,남,1986
2012085,여,1982
2802299,남,1985
2133748,남,1973
2859957,여,1991
2140514,남,1971
2254763,여,1985
2139489,남,1968
2220815,남,1969
2859964,남,1990
2673175,남,1987
2534466,남,1984
2313084,여,1985
2611591,여,1989
2152102,남,1974
2372811,남,1985
2106082,남,1979
2087244,남,1971
2119644,여,1984
2066834,남,1969
2577471,남,1985
2905977,남,1981
2781467,남,1975
2089556,남,1980
2433209,여,1975
2718840,남,1986
2035268,여,1973
2764520,남,1989
2187546,남,1975
3115132,여,1992
2072721,여,1973
2383129,남,1982
2052581,여,1978
2216040,남,1970
2371997,여,1987
2543183,남,1981
2220601,남,1964
2764462,남,1986
2234653,남,1974
2182123,여,1983
2718129,남,1987
2092831,남,1970
2070289,남,1979
2989790,여,1983
2220730,남,1973
2579318,남,1986
2049593,남,1970
2508677,남,1984
2042203,남,1967
2126550,남,1961
2577480,남,1985
2534443,남,1983
2087451,남,1975
2195972,남,1974
2718614,남,1988
2036780,남,1973
2369932,여,1986
2366966,남,1980
2384367,남,1976
2804628,남,1989
2174392,남,1963
2254762,남,1982
2735104,남,1977
2225873,남,1969
2577486,남,1986
2614766,남,1987
2449992,남,1985
2083740,여,1981
2717540,남,1987
2042583,여,1981
2111792,여,1968
2162885,남,1972
2614768,남,1986
2764473,여,1987
3057407,남,1988
2069655,남,1971
2075612,남,1973
2372035,여,1986
2133685,남,1974
2183172,남,1980
2933601,남,1988
2803543,여,1990
3057546,남,1990
2674058,남,1987
2128264,남,1980
2114566,남,1972
2534441,남,1985
3114962,남,1990
2191802,남,1977
2201271,남,1981
2674094,남,1984
2933594,여,1992
2101668,여,1982
2802377,남,1986
2579252,여,1987
2936270,남,1988
2035271,여,1976
2272080,여,1985
2091583,남,1972
2267574,여,1976
2579283,남,1985
2112718,여,1981
2261183,남,1981
2526165,남,1984
2035496,남,1971
2905978,남,1979
2712934,여,1984
2542307,남,1984
3057509,남,1988
2579237,남,1984
2172214,여,1982
2494124,남,1976
2039346,남,1979
2433611,남,1984
2407050,남,1976
2024113,남,1976
2673114,남,1985
2384089,남,1975
2181025,남,1971
2017483,여,1984
2672896,남,1983
2494126,남,1973
2106335,남,1970
2037788,남,1974
3525005,남,1991
2371764,남,1984
2272760,여,1983
2308234,여,1985
2534493,남,1985
2470888,남,1977
2812082,남,1988
2135801,여,1974
2370741,남,1985
2123057,남,1970
2047276,남,1980
2718027,남,1985
2616008,여,1988
2149989,여,1983
2185112,남,1971
2371768,남,1984
2184398,남,1969
2115746,남,1969
2313842,남,1982
2508640,남,1984
2109380,남,1968
2147626,남,1971
2674152,여,1987
2005542,남,1970
2082080,남,1977
2117813,남,1972
2138653,남,1969
2312058,남,1983
2764534,남,1988
2178799,남,1977
2089557,남,1981
2127268,남,1975
2173225,여,1983
2222386,남,1976
2199550,여,1981
2859919,남,1988
2859896,남,1989
2602466,남,1989
2067756,남,1978
2272047,남,1980
3525043,남,1992
2222027,남,1975
2251517,남,1976
2125653,여,1972
2577527,여,1986
2102762,여,1980
2613631,남,1987
2082448,남,1964
2857101,남,1982
2102293,여,1978
2033313,남,1973
2718143,남,1987
2075107,남,1966
2053663,남,1974
2717412,여,1989
2215344,남,1980
2220032,남,1970
2673850,남,1986
2063497,남,1975
2530002,여,1988
2017515,여,1977
2308233,남,1983
2072613,여,1979
2179520,남,1980
2024821,여,1972
2066594,남,1976
2385944,남,1975
2274741,남,1977
2197560,여,1975
2814619,남,1988
2135650,남,1972
2062197,여,1981
2802327,여,1986
2084440,남,1974
2042401,남,1974
2449995,남,1985
2075268,여,1975
2905921,여,1972
2674210,여,1986
2046726,남,1979
2673340,남,1986
2526167,남,1985
2272070,여,1983
2147250,남,1970
2142323,남,1971
2069153,여,1977
2508703,남,1984
2212604,남,1977
2434102,남,1976
2034774,여,1973
2198253,여,1982
2814584,남,1987
2112921,남,1968
2718612,남,1988
2028105,여,1978
2139951,남,1974
2802397,여,1989
2208423,남,1964
2764437,여,1990
2210957,남,1976
2672851,남,1983
2223241,여,1981
2674206,여,1987
2158419,남,1975
2182134,여,1974
2526155,여,1985
2042221,남,1969
2067129,남,1969
2558141,남,1980
2140811,여,1981
2004151,여,1976
2811157,여,1973
2398140,남,1976
2014462,남,1971
2162032,남,1968
2003966,남,1976
2033417,남,1980
3703140,남,1993
2674133,여,1988
2577491,여,1988
2045670,남,1979
2254733,남,1982
2575753,남,1985
2735108,여,1977
3703209,남,1993
2905948,남,1975
2132852,여,1981
2061533,남,1971
2017364,남,1970
2046670,남,1970
2162638,남,1967
2022326,남,1984
2769179,남,1975
2023609,남,1979
2934265,남,1997
3703200,남,1992
2097307,남,1971
2056381,남,1968
2153874,남,1970
2225356,남,1970
2217925,여,1981
2171351,남,1973
2225645,남,1980
2150170,남,1977
2997638,여,1977
2075298,남,1971
2033129,남,1970
2051773,남,1978
2804641,남,1986
2057458,남,1969
2162751,남,1974
2161120,남,1972
2159697,남,1972
2657578,남,1979
3740928,여,1988
2070507,남,1967
2271828,여,1986
2076776,여,1984
2370805,남,1985
2554917,남,1976
2180869,남,1977
2142253,남,1970
2536442,남,1974
2859979,남,1989
2225754,여,1983
2125309,남,1973
2191516,남,1969
2579327,여,1987
2268574,남,1969
2150362,여,1977
2219147,남,1977
2615974,여,1987
2272764,여,1983
2079274,여,1975
2037369,남,1979
2108563,남,1977
2223467,남,1972
2200178,여,1971
2279322,남,1970
2668201,남,1974
2683805,남,1975
2122571,남,1970
2683796,남,1978
2583844,여,1984
2142825,여,1971
2983426,여,1988
2163106,남,1973
2001387,남,1976
2764559,남,1989
2763190,남,1988
2057765,남,1975
2311944,여,1985
2051251,여,1971
2188859,여,1973
2718128,남,1986
2159926,남,1970
2763533,남,1986
2003408,남,1981
2814580,남,1988
2647727,여,1977
2182811,남,1964
2313844,남,1982
2763145,남,1987
2223144,남,1975
3597542,남,1993
2126726,남,1972
2271896,남,1982
2859854,여,1989
2504549,여,1978
2205783,남,1979
2717533,여,1990
2191440,남,1970
2028940,남,1974
2528926,여,1988
2171817,남,1978
3553004,남,1976
2158559,남,1967
2091207,남,1966
2674115,여,1988
2199059,남,1973
2091358,남,1965
2195253,남,1970
2212411,남,1981
2263194,여,1986
2158462,남,1980
2364943,남,1971
2012414,남,1974
2182868,남,1972
2102412,남,1974
2041363,남,1972
2217181,남,1975
3588340,남,1991
2175256,남,1970
2369404,남,1982
2583845,남,1977
2013761,남,1975
2814603,남,1989
2208466,남,1970
2763181,여,1988
2219962,여,1981
2673895,남,1985
2108269,남,1971
2615979,여,1987
2384597,남,1977
3013238,남,1971
2151894,남,1972
3194310,여,1993
2042115,남,1980
3144360,남,1981
2134700,남,1973
2482890,여,1980
2155802,여,1980
2011121,남,1972
2051208,남,1978
2814581,남,1990
2075120,남,1976
2647714,남,1974
2364950,남,1975
3194336,여,1991
2059638,남,1966
2033828,남,1973
2040552,남,1969
2528871,남,1987
2530029,남,1985
2067482,남,1969
2859862,여,1989
2023917,남,1972
2098957,남,1973
2611570,여,1989
2398138,남,1976
2167583,여,1982
2024931,남,1973
2276481,남,1974
2163030,남,1973
2763138,남,1987
2214088,남,1974
2313874,여,1983
2129167,여,1981
2362637,남,1973
2269477,남,1974
2184077,남,1979
2095770,남,1972
2366968,남,1983
2180651,남,1970
2263213,남,1974
2223291,남,1975
2204372,남,1977
2481279,남,1977
2622153,남,1971
2129947,남,1975
2153497,남,1969
2049543,남,1965
2049566,남,1963
2579357,남,1986
2080069,남,1981
2113588,남,1977
2905965,남,1971
2111308,남,1970
2272063,여,1985
2812051,남,1988
3810210,남,1993
2140768,남,1970
2137406,남,1964
3810203,남,1993
2254714,남,1982
2313834,남,1982
2137338,남,1971
2106858,남,1970
2193222,남,1972
2162844,여,1976
2619267,남,1985
2163152,남,1978
2172012,남,1966
3810211,남,1991
2022666,남,1974
2049308,남,1969
2272930,남,1970
2814594,남,1989
2011461,남,1979
2119551,남,1966
2933597,남,1988
2272695,남,1982
2811135,여,1971
2279324,남,1971
2227828,남,1966
3194324,남,1990
2089350,남,1968
2905829,여,1977
2718795,남,1985
2140389,남,1966
2254724,남,1982
2803575,남,1988
2582880,남,1976
2438721,남,1969
2097844,여,1971
2206026,남,1973
2657406,남,1975
2125453,남,1973
2179216,남,1981
2371713,남,1983
2905788,여,1969
2149813,남,1975
2173486,남,1965
2069964,남,1976
2173941,남,1975
2271945,여,1984
2160220,남,1973
2905832,여,1975
2121305,남,1978
2229277,남,1980
2041274,남,1969
2526089,여,1984
2970331,남,1977
2018093,남,1973
2062954,남,1971
2111974,남,1975
2859898,여,1989
2983392,여,1989
2236253,여,1981
2313756,남,1983
2065437,남,1971
2577484,남,1982
2175178,남,1974
2936299,남,1990
2159907,남,1980
2672969,남,1986
2302867,남,1971
2371774,여,1988
2737536,남,1978
2209922,여,1978
2613607,여,1989
2108492,남,1971
2741796,여,1983
2165515,남,1971
2207723,여,1982
2303660,남,1973
2470894,남,1976
2272114,남,1983
2614809,여,1987
2187264,남,1981
2172499,남,1971
2764491,남,1985
2216091,남,1976
2545039,남,1980
2579239,남,1986
2674196,남,1985
2933605,여,1990
2258880,남,1983
2188906,남,1972
2384361,남,1970
2774749,남,1978
2176317,남,1972
2147801,여,1982
2822115,남,1975
2061359,남,1977
2308227,남,1983
2615309,남,1972
2082287,여,1971
2397854,남,1973
2261154,여,1984
2098548,남,1972
2128330,남,1975
2221972,여,1983
2859958,남,1988
2804712,여,1991
2312295,남,1983
2763529,여,1988
2812088,여,1990
2763143,여,1988
2214116,남,1974
2313845,남,1982
2205585,남,1967
2097360,여,1977
2384362,남,1978
2087990,남,1974
3810198,남,1993
2804616,남,1985
2172044,남,1982
2074656,남,1975
2734935,여,1992
2370830,남,1982
2073458,여,1975
2212792,남,1976
2169096,남,1978
2196341,남,1973
2370737,남,1984
2812041,여,1991
2269898,남,1977
2113118,남,1974
2013812,남,1982
2205563,남,1974
2026891,남,1979
2906003,남,1983
2154728,남,1978
2508674,남,1980
2261157,남,1982
2434108,남,1979
2764480,남,1988
2573710,남,1977
2043456,여,1981
2308167,남,1984
2195276,남,1975
2311925,남,1981
2061156,남,1975
2144819,남,1965
2718095,남,1987
2308324,남,1983
2190656,남,1972
2077722,남,1972
2272931,남,1978
2811252,여,1973
2272017,여,1983
2162648,남,1973
2543908,남,1976
2307252,남,1985
2005909,남,1976
2051163,남,1974
2735178,여,1975
2804626,남,1989
2508659,남,1985
2369408,남,1985
2026119,여,1970
2221572,여,1972
2384599,남,1976
2114563,남,1969
2611533,남,1986
2153605,남,1972
2548928,남,1973
2352964,남,1972
2189211,남,1962
2764557,남,1988
2054062,여,1982
3057524,남,1991
2144660,남,1977
2254064,남,1981
2811104,여,1972
2073201,여,1980
2172902,여,1981
2015765,여,1981
2674186,여,1987
2812112,남,1989
2449997,남,1983
2577583,남,1986
2011564,남,1970
3841123,여,1973
2763128,여,1989
2072416,남,1975
2083737,남,1974
2313878,여,1984
2123824,남,1974
2673050,여,1986
2562665,여,1981
2802348,여,1990
2199702,남,1973
2313828,여,1986
2558764,남,1983
2311952,남,1982
2133412,남,1974
2008924,남,1976
2384082,여,1975
2106625,남,1972
2173101,남,1975
2147254,남,1969
2098448,남,1979
2508671,남,1984
2673939,여,1988
2621326,여,1986
2832921,여,1974
2764449,남,1989
2562673,남,1978
2313827,여,1985
2071385,여,1982
2811130,여,1977
2086316,남,1979
2032610,남,1970
3057435,남,1988
2381714,남,1974
2804699,남,1988
2764508,남,1987
2270252,남,1982
2672894,남,1986
2614784,여,1989
2674224,여,1986
2271842,남,1981
2764502,남,1988
2308519,남,1981
2537202,남,1979
2158516,남,1981
2312807,남,1971
2608940,남,1976
2217251,남,1977
2030955,남,1970
2611552,남,1985
2175520,남,1973
2839112,여,1982
2398908,남,1975
2096055,남,1974
2254662,남,1983
2709184,남,1986
3161579,여,1979
2036696,남,1981
2168028,남,1963
2579335,남,1984
2554916,여,1978
2194348,여,1980
2308506,여,1984
2141326,남,1981
2763207,여,1991
2579350,남,1987
2804609,남,1987
2149428,남,1980
2369377,남,1983
2933629,남,1986
2267451,여,1982
2134645,남,1973
2469115,남,1980
2674137,여,1988
2048428,남,1968
2763178,여,1987
2034182,남,1974
2012363,남,1970
2727320,남,1974
2230084,남,1965
2577463,여,1987
2071375,남,1968
2212722,남,1971
2936300,여,1990
2082224,남,1975
2717400,남,1985
2128881,남,1981
2263220,남,1976
2087027,남,1972
2271907,남,1982
2032323,남,1963
2508675,남,1984
3840261,남,1976
2052349,남,1969
2407040,남,1977
2936322,남,1989
2787289,남,1981
2124974,남,1979
2106903,남,1972
2674129,여,1986
2312051,남,1982
2033419,여,1981
2134086,남,1977
2021450,남,1969
2612240,여,1987
2508764,남,1985
2142007,남,1966
2204071,남,1962
2313077,남,1983
2236342,남,1982
2534472,여,1988
2193783,남,1965
2934260,남,1996
2228708,여,1981
2134152,남,1980
3524999,남,1993
2562651,여,1978
2526170,남,1981
2927218,남,1973
2672908,남,1986
2155003,남,1974
2508658,남,1986
2039018,여,1982
2162247,남,1979
2934234,여,1996
2183167,남,1974
2028576,남,1971
2311994,남,1983
2528918,남,1985
2090348,남,1975
2674177,남,1985
2621278,남,1984
2272739,남,1970
2983423,여,1992
2075042,남,1975
2530052,남,1984
2131446,여,1977
2312693,남,1983
2053490,남,1982
2262412,남,1979
2162321,남,1974
2272044,남,1981
2727283,여,1984
2071236,남,1963
2027945,남,1968
2983404,남,1989
2366965,남,1984
2859920,여,1990
2505213,남,1971
2508717,남,1985
3057487,남,1988
2366958,남,1984
2142363,남,1980
2033896,남,1982
2802284,남,1987
2043212,남,1979
2366990,여,1985
2449983,남,1984
2562356,남,1983
2123072,남,1973
2508776,남,1985
2718844,남,1987
2366239,남,1973
3114971,남,1991
2449975,남,1982
2254749,여,1984
2407034,남,1975
2527118,남,1977
2082578,남,1970
2811133,여,1961
2018781,남,1972
2272707,여,1984
2672970,여,1988
2579366,남,1983
2193235,남,1980
2010216,남,1976
2313829,남,1983
2673294,여,1987
2261179,남,1981
2309758,여,1985
2764493,남,1984
2803544,여,1987
2534401,여,1987
2033666,남,1966
2121747,남,1967
2370813,남,1983
2906059,남,1984
2615978,여,1987
2212128,남,1975
2615994,남,1985
2405091,여,1986
2272013,남,1983
2041094,남,1964
2113105,남,1967
2764542,여,1989
2046442,남,1976
2276114,여,1975
2534423,여,1987
2272146,남,1984
2194515,남,1969
2704008,남,1978
2936260,여,1989
2016335,남,1977
2028704,남,1972
2579332,남,1984
2113689,남,1972
2271167,남,1969
2112575,남,1963
2186421,남,1972
2064770,남,1972
2128893,남,1971
2172752,남,1976
2428421,남,1976
2005711,남,1970
2020064,남,1978
2583846,남,1978
2134653,남,1965
2548925,남,1979
2119439,남,1975
2859877,남,1988
2017942,남,1969
2081565,남,1969
2197017,남,1967
2129866,남,1974
2608617,남,1976
2407039,남,1978
2504546,남,1971
2674037,남,1984
2050544,남,1971
2008767,남,1975
3516270,여,1982
2061009,여,1982
2372796,남,1982
2078480,남,1975
2057526,남,1977
2142656,남,1967
2221413,남,1966
2936313,남,1988
2047576,남,1983
2859159,여,1989
2182745,남,1977
2172831,남,1977
2147616,남,1974
2054678,남,1966
2088152,여,1983
2085122,남,1976
2199908,남,1977
2223434,남,1971
2040502,남,1977
2271646,남,1982
2811142,여,1970
2124266,남,1977
2577501,남,1984
2832929,여,1969
2148738,남,1970
2082033,여,1982
2173985,남,1972
2099310,남,1973
2032485,남,1969
2195283,남,1972
2199641,여,1986
2078628,남,1973
2223228,여,1989
2141273,남,1971
2372036,남,1984
2139885,여,1977
2194502,여,1969
2140880,남,1976
2042817,남,1975
2173598,남,1971
2259400,남,1974
2735182,남,1979
2220698,남,1974
2186940,남,1976
2271825,남,1981
2163026,남,1965
2189364,남,1972
2178650,여,1973
2101865,남,1975
2579358,남,1983
2010732,남,1979
2254075,남,1983
2433606,남,1984
2215045,여,1973
2577531,남,1984
2272684,남,1965
2764438,남,1986
2496104,남,1975
2811118,여,1975
2811112,여,1974
2611547,남,1986
2764519,여,1988
2229220,남,1968
2066698,남,1973
2192047,남,1964
2933603,여,1988
2577530,남,1985
3757770,남,1978
2764432,남,1988
2320871,남,1965
2008325,남,1967
2371973,여,1985
2718047,남,1988
2102635,남,1979
2832949,여,1975
2093915,남,1975
2613599,여,1989
2001550,남,1976
2012252,남,1970
2092430,남,1979
2272713,남,1982
2718843,남,1986
2831791,여,1975
2123234,여,1972
2614748,남,1985
2592239,여,1979
2369407,남,1984
2131387,남,1981
2272057,남,1982
2308321,남,1983
2803541,남,1984
2149215,남,1963
2161948,남,1964
2074596,남,1974
2195319,남,1970
2370826,남,1984
2063588,남,1979
2138472,여,1974
2001331,여,1973
2812046,여,1991
2370822,남,1984
2276493,남,1977
2812116,남,1988
2371760,남,1984
2763179,남,1987
2508736,남,1986
2371981,여,1985
2804668,남,1988
2857125,여,1975
2718090,남,1988
2072848,남,1982
2159369,남,1981
2091345,남,1981
2218886,남,1970
2063796,남,1966
2761411,남,1975
2674131,여,1989
2116213,남,1971
2205684,여,1968
2077512,남,1968
2226195,남,1981
2011783,여,1970
2674159,남,1985
2693257,남,1980
2069871,남,1975
2543000,남,1973
2191472,남,1980
2313804,여,1984
2718900,여,1990
2202018,남,1964
2307244,남,1977
2223791,남,1979
2313081,남,1983
2099532,남,1975
2072396,남,1970
2802342,여,1990
2098508,여,1980
2673893,남,1987
2674213,남,1985
2717494,여,1988
2554940,남,1970
2313823,남,1982
2647721,남,1976
2802358,남,1983
2718789,남,1987
2577508,남,1984
2575763,남,1986
2061800,남,1971
2673870,여,1987
2188498,남,1980
2857100,남,1982
2101750,남,1973
2006102,여,1970
3013237,남,1975
2099266,여,1982
2717395,남,1985
2372009,남,1985
2061801,남,1975
2108099,남,1981
2781502,남,1974
2196569,남,1974
2528373,남,1980
2164546,남,1975
2132382,남,1982
2051496,남,1979
3516271,여,1987
2811087,여,1974
2803552,남,1986
2573718,여,1971
2407048,남,1981
2162392,남,1976
2013442,남,1962
2159569,남,1966
2042780,남,1972
2051374,여,1983
2058605,남,1966
2802527,여,1990
2370818,남,1984
2810686,남,1977
2109967,남,1965
3138253,여,1978
2085760,여,1975
2207570,남,1978
2045716,남,1980
2212310,남,1975
2210203,남,1979
2139226,남,1980
2153083,여,1978
2254653,여,1984
2102586,남,1980
2608627,여,1973
2031853,남,1968
2254734,남,1982
2839117,여,1976
2433614,남,1984
2668197,여,1974
2157603,남,1979
2013295,남,1967
2673908,남,1986
2170892,남,1979
2062873,남,1974
2095266,남,1970
2180716,남,1978
2859974,남,1989
2015244,남,1969
2859167,남,1988
2324251,남,1976
2032459,남,1969
2023055,남,1969
2068484,남,1963
2213002,여,1980
2372037,여,1988
2534486,남,1985
2311960,남,1982
2718898,남,1988
2428420,남,1969
2983407,남,1989
2366979,여,1987
2161962,남,1971
2036470,남,1973
2200625,남,1972
3703205,남,1993
2384085,남,1978
2304651,남,1982
2092911,남,1967
2198806,남,1972
2579273,남,1985
2103959,남,1969
2030102,여,1981
2728982,여,1971
2213533,남,1971
2657402,남,1976
2433598,여,1985
2769182,남,1975
2615943,남,1985
2575765,남,1986
2534453,남,1984
2227288,남,1969
2156865,여,1977
2504929,남,1983
2021011,남,1975
2211292,남,1966
2735193,남,1973
2052184,남,1981
2859835,남,1989
2983394,남,1987
3579005,남,1965
2647724,남,1977
2480093,여,1983
2573744,남,1979
2140068,남,1977
3703207,남,1987
2214080,남,1970
2674090,남,1984
2201302,남,1967
2470887,남,1974
2065678,남,1972
2082064,남,1975
2100154,남,1972
2023330,남,1973
2122253,남,1968
2934246,여,1996
2212488,남,1982
2717436,여,1988
2040963,남,1974
3729260,여,1983
2803579,여,1990
2597567,여,1988
2219595,남,1972
2763175,여,1988
2135099,남,1978
2279661,남,1974
3057516,여,1992
2376780,남,1975
2141519,남,1977
2452197,남,1978
2144234,여,1984
2061759,남,1960
2187636,남,1979
2424660,남,1986
3703178,남,1992
2132725,남,1977
2077488,남,1969
2202183,남,1981
2718142,남,1985
2036760,남,1973
2143225,남,1976
2615986,남,1987
2831787,여,1973
2046773,남,1969
2508641,남,1984
2124562,남,1979
2308171,남,1984
2801596,남,1974
2452194,남,1974
2124420,여,1968
2613564,남,1986
2061027,남,1974
2031493,여,1982
2149779,남,1975
2154274,남,1963
2611420,남,1973
2090520,남,1976
2997640,여,1970
2308496,남,1983
3194306,남,1990
2204558,남,1974
2534494,남,1985
2933665,여,1992
3156051,남,1972
2154286,남,1974
2717376,남,1986
2074345,남,1971
2160465,여,1982
2272750,여,1979
2039005,여,1973
2271666,남,1981
2090160,남,1968
2528857,남,1983
2672891,여,1989
2261155,여,1984
2763548,남,1990
3729232,여,1989
2718822,남,1988
2741783,여,1976
2206232,남,1966
2983391,남,1989
2801337,남,1995
2718602,여,1989
2272921,남,1972
2983422,여,1990
2073226,여,1977
2720464,여,1976
2579299,남,1985
2272706,여,1983
2048463,남,1972
2203749,여,1980
2764485,남,1987
2781230,여,1988
2015331,남,1967
2496114,남,1977
2548920,남,1979
2197772,남,1971
2025821,여,1973
2102503,여,1981
2573860,남,1974
2128766,남,1964
2199110,남,1972
2159568,남,1970
2577497,남,1986
2075115,남,1967
2067045,남,1967
2058916,남,1964
2763531,여,1989
2072711,여,1978
2048440,남,1972
3666404,여,1969
2179874,남,1979
2217105,남,1971
2226411,남,1981
2432161,남,1986
2308302,남,1984
2113348,남,1973
2598274,남,1976
2061505,남,1971
2197396,여,1980
2047195,남,1974
2041018,남,1975
2672907,남,1985
2035180,남,1966
2072913,남,1973
2219120,남,1967
2091011,남,1973
2200155,남,1974
2156918,여,1968
2159452,남,1967
2129072,남,1968
2103866,남,1964
2172182,남,1974
2038652,남,1968
2156093,남,1977
2282001,여,1975
2282187,남,1967
2534429,여,1987
2308513,남,1983
2029780,남,1976
2750674,남,1978
2212160,남,1973
2110273,여,1981
2112932,남,1968
2311951,남,1982
2224891,남,1977
2055679,남,1969
2704243,여,1994
2210138,남,1970
2139076,남,1973
2608630,남,1974
2611567,남,1987
2268556,남,1971
2308353,남,1985
2481275,남,1973
2185265,남,1968
2187276,남,1968
2053443,남,1971
2434129,남,1976
2021106,남,1977
2166337,남,1978
2311939,여,1986
2012423,남,1971
2071847,여,1982
2155365,남,1974
2226514,여,1982
2120179,남,1979
2181618,남,1980
2577449,여,1985
3214131,남,1982
2171958,남,1981
2859874,남,1986
2034181,남,1969
2717472,여,1987
2094674,여,1983
2066035,남,1973
2061242,남,1972
2188295,남,1970
2261167,여,1985
2089522,남,1970
2055862,남,1972
2983389,남,1987
2311935,남,1983
2261182,여,1983
2155015,남,1981
2144007,남,1970
2099792,남,1964
2822106,남,1975
2672905,여,1989
2063009,남,1975
2577520,남,1987
2577504,남,1985
2672877,여,1987
2613585,여,1986
2508762,남,1985
2074898,남,1974
2307206,남,1982
2104499,여,1972
2647716,남,1971
2080954,여,1978
2100608,남,1971
2211364,남,1968
2545041,남,1981
2272067,남,1982
2384594,남,1979
2127723,남,1966
2145450,남,1967
2545040,남,1974
2034465,여,1981
2704223,남,1994
2209280,남,1978
2562655,여,1982
2141983,남,1962
2173302,남,1964
2720481,여,1980
2611578,여,1986
3057484,여,1990
2107562,남,1964
2146242,남,1973
2093631,남,1978
3757773,여,1987
2368973,남,1983
2015540,남,1980
2004878,남,1965
2051845,남,1968
2151501,남,1980
2139571,남,1970
2176974,남,1979
2832954,여,1974
2209612,남,1964
3757565,남,1979
2271653,남,1982
2508628,남,1985
2611595,남,1986
2066551,남,1967
2562692,남,1976
2980867,남,1975
2213109,여,1981
3057507,여,1988
2673123,남,1988
2717473,여,1989
2037176,남,1970
2671395,남,1984
2802337,여,1989
2674113,남,1985
2141936,남,1970
2070931,남,1970
2052379,여,1976
2599036,남,1980
2119324,남,1973
2004582,여,1972
2801597,남,1981
2802298,남,1985
2257234,남,1978
2201365,남,1964
2763198,남,1987
2130180,여,1981
2763564,남,1983
2811115,여,1977
2135118,여,1983
2647662,여,1992
2673348,여,1991
2107813,남,1967
2084546,남,1975
2769256,남,1980
3588332,남,1989
3194313,여,1992
2718819,남,1989
3588338,남,1993
2148471,여,1981
2764375,여,1991
2043425,여,1973
2611587,여,1987
2045212,남,1971
2674158,여,1984
2936329,남,1989
3712312,남,1984
2254063,여,1983
2015851,남,1970
2191708,남,1973
2222899,여,1975
2548914,남,1976
3057405,남,1987
2272702,여,1984
2096466,남,1969
2073994,남,1965
2002528,여,1972
2157087,여,1975
2071142,남,1976
2027753,남,1978
2164674,남,1973
2161684,남,1975
2162737,여,1981
2717516,여,1987
2802322,여,1988
2802332,남,1988
2640925,여,1982
2172899,여,1975
2606300,남,1988
2611565,남,1985
2282468,남,1967
2155377,여,1977
2064623,남,1969
2307239,남,1982
2035589,남,1969
2718888,여,1989
2009796,남,1970
2103386,남,1972
2271640,남,1981
2202958,남,1980
2764506,남,1986
2717507,남,1989
2030477,남,1970
2802318,남,1983
3840272,남,1976
2802325,여,1991
3525028,여,1993
2508323,여,1977
2802391,여,1990
2110845,여,1972
2764374,여,1987
2717515,남,1987
2190771,남,1981
2673128,여,1989
2187137,여,1980
2019924,남,1971
2554942,여,1980
2579246,남,1984
2163063,남,1981
2308518,여,1986
2859921,남,1988
2093111,여,1982
2859149,남,1984
2007852,여,1981
2011675,여,1976
2936259,여,1989
2263916,남,1978
2802372,여,1988
2145530,남,1981
2775034,남,1979
2089475,남,1975
2105796,남,1970
2873849,여,1981
2018723,남,1973
2146557,남,1975
2002872,남,1967
2673877,여,1985
2577522,남,1986
2271636,남,1981
2023326,남,1971
2090149,남,1973
2085257,남,1973
2573722,남,1975
2272150,여,1985
2210130,남,1975
2186179,남,1971
2763149,여,1989
2674138,여,1987
2674149,여,1987
2735106,여,1978
2101465,여,1982
2167618,남,1975
2144532,남,1968
2140039,남,1973
2282179,남,1973
2452191,남,1973
2763199,남,1985
2274485,여,1978
2105173,여,1978
2162263,남,1966
2114784,남,1967
2452176,남,1974
2764423,남,1988
3776048,여,1986
2905785,남,1970
2003030,남,1975
2802373,남,1986
2150595,여,1975
2482907,남,1974
2369365,남,1982
2369412,남,1984
2372007,여,1987
2583839,여,1972
2804647,남,1989
2105392,여,1982
2781498,여,1973
2254757,남,1982
2200247,남,1967
2070916,여,1980
2268562,남,1973
2579274,남,1985
2147997,남,1969
2543008,남,1975
2677524,남,1976
2718825,여,1989
2613543,여,1988
2822112,여,1978
2144790,남,1968
2272726,여,1983
2254711,여,1984
2719406,남,1987
3776044,여,1982
2154706,여,1970
2271834,남,1981
2196880,남,1981
2528921,남,1986
2083797,여,1973
2307201,남,1984
2859841,남,1989
2086053,여,1981
2057564,여,1982
2012573,남,1970
2859873,남,1988
2182280,남,1976
2577468,남,1983
2432863,여,1986
2577461,여,1986
2254636,남,1982
2258988,여,1983
2365983,남,1985
2763575,여,1987
2025917,여,1981
2013840,남,1968
2704236,여,1994
2495094,남,1978
2763543,여,1990
2208256,남,1981
2154570,남,1972
2218117,남,1970
2311895,남,1984
3194337,여,1991
2433593,남,1984
2312698,남,1981
2577477,남,1985
2537205,남,1975
2542997,남,1972
2577519,남,1986
3699474,여,1995
2934257,남,1996
2176185,남,1982
2194753,남,1970
2051951,남,1974
2166429,남,1971
2308328,남,1982
2214448,남,1973
2577431,여,1987
2717525,여,1988
2108624,남,1979
2308172,여,1985
2156409,남,1973
2047117,남,1972
2486945,남,1985
2122145,여,1980
2165448,남,1977
2063868,남,1967
2673920,여,1987
2280022,남,1980
2089425,남,1977
2164402,여,1971
2433620,남,1982
2486935,남,1986
2504959,남,1982
2046738,남,1975
2216288,남,1972
2764504,남,1987
2211928,남,1970
2271840,남,1982
2933577,남,1989
2234706,남,1974
2015476,여,1983
2037500,남,1979
3635775,여,1981
2526109,남,1982
2673331,남,1984
2673171,여,1989
2117203,남,1967
2527125,남,1981
2787286,남,1976
2158835,남,1974
2227946,여,1980
2142655,남,1975
2508700,남,1985
2005073,남,1977
2486941,남,1984
2673116,남,1986
3057423,남,1991
2274479,남,1987
2146027,남,1973
2308503,여,1984
2543007,남,1976
2717544,여,1985
2579361,여,1986
2058657,남,1975
2528867,남,1983
2307250,남,1975
2268890,여,1975
2934213,여,1993
2054310,여,1981
2225841,남,1977
3703227,남,1991
2008993,남,1975
2764436,남,1987
2115751,남,1968
2226038,남,1968
2265880,남,1977
2141088,남,1971
2452192,여,1973
2149051,남,1968
2859138,남,1988
2078199,남,1974
3588329,여,1994
2764487,남,1986
2812103,여,1989
3588331,여,1989
2528374,남,1967
2614778,여,1987
3588657,남,1992
2653718,남,1982
2802331,남,1988
2717398,여,1987
2803542,여,1990
2764553,남,1987
2313832,여,1985
2764445,남,1988
2764556,남,1988
2272076,남,1984
2372822,남,1975
2812047,남,1986
2508681,남,1984
3525046,남,1990
2884524,남,1974
2141501,남,1973
2562654,여,1979
2236244,남,1983
2371721,남,1981
2227684,남,1968
2267576,남,1970
2048613,여,1978
2192492,여,1977
2528381,여,1978
2859143,여,1990
2073620,남,1964
2311938,여,1986
2859886,남,1988
2225176,남,1965
2140886,남,1980
2014739,남,1981
2256468,남,1983
2763158,남,1987
2175193,남,1965
2119596,여,1981
2873787,여,1974
2272171,남,1983
2905868,남,1978
2119798,남,1970
3740900,남,1988
2200764,남,1970
2573701,여,1981
2672855,여,1987
2150542,여,1980
2718009,여,1988
2133019,남,1973
2219338,남,1973
2254737,남,1982
2112931,남,1974
3536271,여,1973
2370804,여,1987
2106153,남,1972
2313064,남,1983
2763571,남,1987
2611528,남,1986
2672854,남,1985
2001800,남,1972
2811166,여,1964
2839116,여,1975
2208010,남,1973
2312283,남,1982
2897401,여,1977
2526158,여,1988
2763147,남,1988
2579235,남,1985
2508692,남,1983
2269270,여,1973
2073451,남,1971
2201784,남,1975
2613531,남,1985
2236264,남,1981
2837906,남,1975
2811092,여,1972
2102168,남,1979
2577590,남,1983
2164326,여,1978
2308515,남,1981
2114754,여,1981
2858632,여,1992
3114989,남,1990
2202671,남,1970
2224561,남,1979
2434099,여,1981
2873835,남,1972
2275850,남,1972
2812062,남,1990
2313831,남,1982
2763205,남,1987
2013415,남,1981
2128770,남,1981
2717437,여,1989
2271670,여,1982
2579229,여,1988
2027747,남,1974
2526164,여,1987
2530018,남,1986
2079445,여,1983
2254067,남,1981
2231039,남,1980
2057498,남,1969
2146411,남,1975
2802341,남,1985
2657574,여,1980
2398131,남,1976
2179500,여,1973
2221415,남,1970
2189527,남,1976
2120786,남,1975
2615948,남,1987
2933590,여,1990
2032643,남,1973
2072218,남,1966
2548900,남,1981
2579367,여,1988
2597261,남,1973
2647734,남,1973
2787177,남,1973
2384091,남,1975
2256460,여,1984
2019078,남,1968
2274590,남,1969
2371767,남,1982
2030278,남,1971
2225085,남,1973
2614321,남,1988
2189234,남,1961
2220816,남,1974
2131555,남,1971
2793835,남,1978
3114981,여,1989
2145628,남,1970
2136698,남,1975
2207988,남,1980
2041104,남,1971
2197724,여,1981
2802364,남,1986
2612237,남,1984
2193149,남,1968
2528866,남,1983
2769178,남,1972
2673876,여,1988
2936323,남,1990
2554937,남,1980
2611569,여,1987
2136356,남,1969
2138361,남,1972
2057954,남,1971
2614771,남,1986
2370803,남,1983
2165719,남,1969
2170034,남,1974
2272058,남,1982
2381712,남,1969
2113510,남,1965
2100583,남,1968
2254663,남,1980
2161740,남,1970
2116960,남,1974
2110515,남,1974
2018396,남,1974
2052242,남,1969
2127223,남,1983
2157085,여,1971
2076161,남,1969
2161556,남,1972
2174762,남,1979
2221359,남,1973
2055048,남,1969
2188708,남,1974
2648165,남,1980
2192572,남,1970
2070610,남,1972
2046419,남,1973
2162818,남,1971
2504551,여,1969
2054220,남,1969
2020913,남,1981
2185144,남,1969
2118487,남,1971
2272716,남,1980
2004767,남,1972
2254647,남,1982
2271921,남,1981
2115343,남,1975
2090516,남,1981
2013402,남,1973
2021513,남,1966
2620387,남,1977
2220468,남,1968
2647733,남,1977
2082585,남,1973
2449984,남,1985
2188637,남,1973
2085863,남,1971
2160853,남,1974
2045369,남,1978
2608933,남,1977
2220140,남,1964
2001786,남,1971
2040274,남,1981
2042067,남,1975
2149374,남,1970
2537199,남,1979
2014283,여,1977
2012770,남,1979
2196869,남,1976
2225748,남,1967
2096211,남,1980
2653739,남,1975
2482888,남,1979
2089335,남,1968
2194620,남,1981
2179064,남,1975
2734936,여,1992
2152126,남,1969
2528376,여,1974
2528367,남,1975
2371717,여,1985
2105593,남,1973
2171229,남,1981
2577437,여,1988
2124375,여,1976
2169370,여,1981
2859148,남,1987
2101797,남,1967
2268561,남,1972
2983415,남,1990
2221776,여,1983
2573745,남,1977
2384600,남,1977
2157483,여,1983
2033814,남,1974
2024468,남,1973
2210647,남,1975
2087399,남,1974
2699779,여,1995
2113949,남,1982
2042684,여,1981
2577560,여,1987
3624753,여,1988
2063507,여,1982
2140639,여,1974
2168072,남,1973
2308336,남,1981
2154751,남,1980
2308319,남,1982
2718818,남,1987
2579303,남,1983
2256444,남,1982
2577505,남,1983
2087211,남,1968
2009043,여,1974
2717491,남,1986
2019921,남,1966
3536273,남,1979
2832945,여,1981
2802303,여,1990
2002384,남,1968
2718610,남,1987
2750696,여,1974
2859931,여,1988
2204603,남,1965
2884525,남,1974
3865422,여,1987
2014925,남,1972
3905477,여,1987
2577496,남,1985
3712176,여,1989
2207209,남,1967
2142651,남,1979
2212140,남,1962
2179159,여,1963
2174928,남,1965
2049772,남,1972
2674183,남,1985
2216816,남,1978
2308665,남,1983
2210301,남,1961
2534500,여,1986
2859973,여,1989
2032317,남,1968
2577421,남,1981
2049779,남,1971
2233162,남,1972
2613620,여,1989
2208306,여,1974
2611624,남,1964
2201436,여,1978
2936263,여,1991
2128930,남,1981
2575748,여,1987
2308226,여,1985
2761254,남,1981
2371788,여,1986
2209877,남,1979
2370807,여,1985
2534888,남,1975
2577509,여,1987
2608616,남,1981
2036556,여,1979
2674120,남,1987
2271882,남,1983
2030342,남,1973
2846577,남,1977
2672964,여,1986
3516165,남,1973
2185800,여,1979
2704229,여,1994
2130877,남,1979
2859850,남,1988
2801330,여,1996
2859876,남,1987
2197003,남,1974
2369951,남,1983
2308237,남,1982
2153390,남,1973
2134433,여,1984
2774672,남,1970
2230821,여,1981
2153840,여,1975
2113070,남,1966
2272029,여,1985
2265896,남,1982
3114956,남,1991
2673925,남,1985
2192325,남,1971
2718121,남,1987
2092825,남,1968
2105350,여,1978
2562656,남,1981
2127213,남,1975
2013988,남,1980
3703196,남,1993
2311394,남,1967
2208081,남,1971
2080746,여,1968
2144985,남,1974
2109478,남,1980
2126923,남,1964
2764427,여,1989
2257236,남,1984
2614799,남,1982
2067106,남,1975
2273757,남,1986
2801333,여,1996
2673843,남,1984
2167746,남,1975
2718024,남,1987
2312062,여,1987
2113147,남,1978
2091452,여,1982
2693250,여,1981
2010155,남,1970
2154883,남,1971
2271947,남,1981
2108640,남,1980
2205468,남,1973
2554941,남,1971
2613576,여,1987
2096876,남,1971
2206276,남,1979
2906009,남,1979
2018817,남,1974
2226228,남,1970
2018747,남,1980
2718039,여,1989
2119922,남,1973
2034662,여,1977
2113837,남,1976
2543003,남,1975
2718107,여,1986
2199785,남,1969
2144161,여,1980
2052962,남,1977
2261580,남,1980
2622169,여,1981
2554918,남,1977
2313080,여,1986
2750679,남,1980
2003249,남,1974
2583842,여,1971
2029164,남,1974
2164984,남,1976
2859860,여,1988
2052293,남,1979
2151459,남,1976
2086093,남,1969
2115628,남,1966
2558739,남,1976
2163424,남,1968
2223646,남,1975
2127343,남,1969
2104831,남,1975
2056247,남,1968
2136862,남,1972
2036782,남,1972
2109549,남,1974
2019001,여,1978
2653759,남,1976
2657583,남,1980
2194470,남,1968
2272749,남,1970
2188229,남,1975
2763202,남,1986
2040824,남,1976
2108222,남,1968
2169856,여,1984
2905966,남,1975
2224033,남,1973
2673117,남,1983
2110386,남,1974
2127108,남,1977
2252896,여,1979
2127914,남,1974
2002423,남,1971
2548942,남,1975
2098598,남,1969
2056769,남,1964
2136071,남,1979
2583857,남,1973
2207495,남,1966
2017419,남,1975
2027763,남,1976
2191831,남,1967
2265925,남,1977
2011718,남,1974
2016984,남,1972
2025088,여,1976
2089768,남,1969
2211675,남,1973
2308187,남,1983
2162872,여,1981
2017958,남,1969
2079584,남,1975
2132515,남,1966
2208213,남,1970
2226184,남,1975
2015339,남,1966
2112592,남,1970
2162276,남,1978
2741784,남,1975
2482897,남,1979
2763540,여,1987
2033478,남,1972
2905825,여,1978
2905811,여,1978
2562663,남,1974
2064489,여,1978
2136322,남,1971
2005730,남,1981
2013737,남,1976
2704235,여,1994
2094523,남,1970
2933631,여,1990
2170395,남,1964
2059727,남,1976
2147191,남,1976
2718910,남,1988
2198506,남,1973
2215575,남,1975
2548910,남,1978
2056778,여,1979
2284100,남,1972
3568066,남,1979
2157661,남,1975
2207425,남,1976
2832981,여,1974
2018178,남,1972
2769177,여,1979
2648580,남,1986
2704232,남,1994
2741790,남,1983
2787272,남,1970
2647713,남,1978
2647719,남,1971
2074006,여,1972
2116895,남,1968
2041911,남,1973
2214803,남,1976
2155529,남,1968
2370735,남,1983
2207692,남,1980
3740902,남,1974
2673888,남,1986
2183500,여,1974
2127779,여,1982
2180049,여,1974
2672882,여,1989
2811116,여,1980
2622167,여,1979
2811172,여,1972
2859923,여,1989
2933637,남,1989
2371564,여,1985
2802355,여,1991
2196342,남,1980
2170181,남,1980
2047151,남,1977
2577564,여,1988
2015473,남,1970
2936276,남,1984
2030694,남,1981
2173649,여,1976
3167954,여,1984
2020354,남,1971
2150029,여,1977
2314112,여,1985
2157242,여,1973
2673291,여,1988
2577429,남,1985
2562674,남,1970
2611550,남,1984
2103041,여,1983
3597526,남,1989
2200083,남,1969
2123428,남,1980
2311901,여,1986
2086811,남,1967
2220192,남,1982
2019810,남,1970
2026495,남,1976
2508664,남,1983
2763146,남,1986
2811119,여,1972
2118953,남,1968
2508321,남,1971
2674135,남,1986
2763197,남,1987
2268645,남,1975
2864580,여,1995
2802335,여,1990
2562320,여,1988
2225562,여,1977
2398906,남,1973
2164459,여,1977
2504910,남,1983
2802368,남,1987
2189194,남,1976
2003097,남,1970
3703163,남,1990
2114685,남,1979
3703195,남,1992
3525006,남,1991
3525050,남,1991
3194305,남,1991
2934227,남,1992
2182626,남,1966
3030275,남,1969
2052609,여,1976
2083871,여,1977
2164178,여,1982
2545037,여,1979
2125980,남,1966
2054187,남,1971
2045444,남,1978
2101967,남,1975
2001411,남,1978
2037038,여,1982
2071286,남,1980
2209872,남,1968
2369370,남,1984
2021992,남,1978
2115134,남,1971
2592237,남,1973
2085607,남,1966
2069854,남,1966
2648166,남,1978
2386376,남,1974
2365964,남,1967
2175262,남,1972
2034557,여,1971
2020460,남,1970
2717370,남,1987
2763183,여,1989
2074584,남,1971
2215529,남,1973
2764555,남,1986
2130047,남,1977
2162122,남,1968
2194523,남,1981
2311976,남,1983
2124431,남,1974
2061813,남,1975
2312720,남,1982
2229240,남,1983
2017843,남,1971
2983387,남,1990
3057551,남,1991
2372008,여,1987
2175114,남,1971
2673299,여,1987
2859937,남,1987
2054566,남,1978
2673326,여,1988
2528858,남,1985
2271661,여,1985
2170773,남,1962
2149112,남,1966
2158248,남,1966
2139512,남,1971
2038329,여,1982
2220775,남,1971
2057324,남,1977
2072587,남,1974
2579265,남,1984
2615966,남,1986
2934261,여,1997
2206914,남,1965
2554930,여,1976
2125672,남,1975
2066830,남,1969
2133413,남,1975
2859880,여,1991
2031127,남,1970
2358531,남,1973
2060699,남,1969
2526103,남,1984
2320882,남,1974
2577425,남,1986
2170758,남,1971
2763556,여,1991
2014403,남,1966
2859890,남,1986
2308013,여,1990
2936289,남,1989
2017088,남,1975
2121365,여,1975
3192029,남,1977
2066575,여,1971
2197800,남,1968
2155441,남,1973
2577605,남,1985
2059550,남,1973
2151148,남,1966
2704242,여,1994
2764469,여,1988
2021231,남,1971
2271920,여,1983
2718127,여,1990
3712310,남,1989
2859956,남,1987
2068361,남,1970
2781503,남,1974
2811169,여,1969
2103482,남,1966
2577436,남,1986
2050349,남,1981
2718126,여,1990
2933662,여,1989
2308501,남,1983
2673337,여,1988
2353638,여,1985
2407043,남,1976
2312274,여,1985
2220646,남,1974
2212048,남,1968
2865369,남,1978
2010433,남,1963
3810206,남,1994
2859941,남,1984
2117394,남,1972
3114990,남,1992
2970507,여,1978
2704013,여,1986
3524992,남,1990
2114309,여,1972
2450016,남,1981
2812056,여,1990
2138807,남,1973
2254639,여,1985
2562316,여,1989
2089941,여,1972
2236245,남,1983
2812053,남,1986
2236327,남,1981
2146331,남,1965
2142624,남,1970
2168675,여,1977
3057457,여,1993
2254745,남,1983
3524997,남,1991
2111701,남,1971
2024134,남,1980
2615304,여,1993
2194958,남,1980
2194149,남,1982
3057404,여,1989
2764451,남,1983
2112716,여,1973
2717529,여,1986
2577502,남,1984
2543913,남,1979
2272028,남,1981
2312290,남,1983
2106844,남,1973
2369410,여,1987
2281541,남,1974
2182230,남,1970
2718599,여,1990
3194325,남,1991
2505206,여,1992
2859150,여,1992
2038654,남,1968
2983388,남,1990
2873817,남,1973
2594267,남,1979
3057408,남,1987
2398133,남,1979
2936304,여,1993
2120336,남,1977
2814602,남,1988
2600253,남,1982
2764554,남,1988
2401883,남,1974
2175283,남,1974
2787283,남,1971
2052227,여,1966
2608922,남,1977
2526157,남,1984
3571091,남,1964
2080096,남,1973
3757558,남,1974
2048747,남,1977
2528892,남,1984
2271672,여,1986
2009197,남,1977
2226844,남,1981
2057956,남,1971
2181452,남,1975
2042731,남,1971
2308356,남,1980
2025020,남,1972
2090456,남,1965
2271928,남,1983
2407037,여,1982
2080040,남,1970
2689044,남,1989
2577598,남,1986
2384691,남,1978
2017243,남,1980
2272133,남,1981
2727616,여,1980
3757561,남,1973
2205400,남,1973
2801336,남,1995
3879819,남,1981
2615331,여,1993
2173975,남,1971
2019950,남,1963
2735122,남,1982
2613560,여,1988
2113672,남,1975
2031796,남,1972
2482838,남,1978
2205043,여,1976
2270122,남,1970
2933668,여,1989
2046809,남,1970
2147007,남,1969
2187511,남,1971
2039393,여,1965
2175062,남,1970
2212833,남,1966
2554932,남,1968
2269902,남,1973
2307247,남,1972
2178760,남,1969
2190627,남,1965
2227044,여,1979
2254077,남,1981
2127564,남,1979
3757772,여,1989
2215545,남,1972
3712311,여,1984
2072695,남,1962
2859929,남,1985
2368893,남,1975
2041056,남,1967
2004280,남,1969
2614803,남,1986
2781232,여,1989
2226928,여,1982
2717410,남,1987
2859934,남,1986
2157991,남,1973
2086898,남,1967
2258947,여,1985
2312039,남,1985
2114507,남,1975
2227790,남,1971
2526168,남,1983
2131168,여,1972
2065794,남,1965
2579317,여,1987
2272740,남,1972
2577538,여,1988
2764503,남,1988
2068026,남,1972
2717397,여,1989
2774670,남,1973
2010266,여,1979
2141990,남,1974
2097696,남,1974
2398907,남,1974
2787178,남,1978
2508732,여,1985
2157942,남,1976
2013271,여,1973
2803577,여,1991
2116133,남,1970
2196728,남,1971
2406736,남,1979
2528919,남,1985
2508646,남,1984
2672892,남,1986
2014173,여,1978
2578877,남,1983
2166976,남,1978
2210442,여,1980
2050568,남,1980
2579264,여,1988
2144966,남,1980
3699468,여,1992
2554919,남,1974
2005890,남,1978
2526085,여,1987
2161830,남,1976
2562690,남,1975
2117966,남,1975
2213662,남,1973
2231284,남,1971
2121307,남,1971
2089863,남,1975
2177758,여,1980
2073749,남,1978
2117263,남,1980
2030612,남,1972
2080196,남,1962
2160448,여,1968
2188021,여,1973
2228384,남,1966
2140440,남,1967
3516168,남,1976
2316096,남,1977
2162691,남,1964
2049143,여,1982
2577507,여,1987
2033635,남,1974
2271637,남,1981
2174451,남,1961
2054862,남,1968
2450011,남,1984
2583853,남,1970
2366976,남,1985
2084154,여,1978
2196173,남,1976
2042444,남,1982
3840263,남,1989
2577543,여,1985
2271810,남,1982
2674077,여,1990
2005433,남,1970
2014738,남,1979
2859942,남,1986
2562353,남,1985
2312695,여,1985
2541977,남,1977
2372002,남,1982
3840260,남,1990
2194968,남,1980
2308018,여,1990
2169462,여,1983
2727319,남,1977
2022531,남,1966
2039259,남,1964
2091755,남,1971
2224046,남,1972
2116151,남,1965
2653753,남,1968
2067469,남,1967
2983395,남,1988
2141575,남,1977
2137192,남,1966
2272746,남,1975
2156159,남,1977
2145618,남,1980
2548894,남,1973
2210074,여,1976
2933675,여,1992
2193205,남,1966
2308679,남,1963
2859851,남,1988
2577579,남,1984
2763160,남,1988
2257025,남,1982
2859965,남,1989
2311900,남,1981
2028431,남,1965
2384171,남,1965
2717404,여,1987
2674199,남,1980
2769132,남,1986
2261188,남,1982
2673334,여,1988
2534474,여,1988
2312675,여,1986
2763526,남,1983
3699481,여,1993
2075371,남,1977
2142046,남,1979
2763542,여,1989
2962288,남,1977
2190981,남,1964
2031783,남,1967
2068167,남,1970
2120038,여,1984
2530006,남,1984
2236238,남,1982
2718815,남,1987
2303292,남,1977
2674169,여,1986
2859881,남,1988
2111013,남,1973
2165583,남,1967
2272742,남,1975
2093289,남,1974
2311957,여,1984
2041349,남,1970
2699302,남,1979
2179446,여,1981
2718896,여,1990
2040015,남,1968
2073290,남,1971
2369946,남,1983
2236259,남,1980
2044360,여,1978
2674150,남,1985
2032452,남,1975
2615401,여,1993
2534449,남,1985
2139562,남,1970
3194315,남,1990
2064677,남,1976
2182996,남,1975
2172642,남,1967
2218942,여,1980
2434105,남,1973
2191845,남,1978
2164851,남,1972
2433589,남,1985
2302868,남,1969
2077315,여,1982
2717499,여,1987
2226508,여,1975
2180842,남,1972
2193395,남,1973
2114232,여,1974
2199975,남,1963
2573973,여,1982
2191105,여,1982
2140857,여,1983
2183952,남,1974
2092867,남,1969
3057416,남,1989
3057549,남,1990
2592235,남,1969
2192346,여,1971
2058525,남,1980
2764422,남,1985
2469124,남,1978
2069440,남,1975
2105741,여,1983
2158679,남,1963
2113499,남,1972
2087679,여,1981
2668206,여,1981
2100670,남,1981
2611545,여,1989
2220855,남,1975
2172573,남,1973
2611566,남,1987
2025734,여,1983
2579333,여,1987
2038953,남,1977
2039744,남,1980
2613579,여,1989
2787213,남,1977
2906060,남,1989
2166871,남,1979
2192420,여,1976
2366997,남,1986
2102997,남,1965
2366985,남,1983
2198189,남,1982
2006200,남,1970
2032226,남,1972
2122579,남,1963
2097872,남,1971
2322803,남,1983
2131298,남,1972
2135425,남,1973
3757554,남,1983
2171244,남,1969
2198428,남,1976
3524985,남,1993
3552990,남,1985
2814608,남,1988
2086876,남,1981
2047274,남,1977
3703149,남,1993
2184357,남,1979
2023699,남,1976
2226381,남,1975
2647725,여,1980
2078641,남,1980
2122565,남,1969
2006673,남,1968
2087581,남,1975
2177174,남,1971
2011113,남,1971
2802305,남,1987
2005926,여,1972
2096806,남,1974
2544738,남,1980
2236318,남,1984
2933591,남,1989
2579250,남,1985
2508627,남,1982
2052340,남,1979
2308177,남,1983
2276518,남,1974
2311924,여,1983
2312716,남,1983
2764548,여,1989
2579291,여,1988
2422137,남,1977
2051243,여,1970
2034274,남,1966
2083574,남,1968
2802390,여,1990
2802287,남,1986
2536991,남,1977
2583865,남,1974
2371714,남,1986
2308500,남,1985
2034360,남,1965
2674205,여,1987
2201694,여,1970
2078207,남,1971
2123985,남,1970
2045021,남,1970
2079747,남,1973
2308370,남,1981
3694689,남,1984
2308516,남,1983
2657399,남,1975
2803560,여,1988
2674104,남,1985
2548946,남,1975
2313074,여,1985
3057510,여,1992
2206978,여,1974
3703156,남,1994
2230430,여,1976
2057481,남,1975
3124257,남,1981
2104753,남,1963
2115853,남,1969
2814610,남,1987
2814636,여,1992
2718120,여,1989
2106717,남,1977
2933576,여,1991
3057545,여,1990
2905943,남,1974
2044636,여,1984
2189612,남,1973
2204916,남,1971
2086171,남,1981
3057553,남,1992
2271811,남,1980
2673866,남,1986
2070972,남,1969
2905782,남,1967
2369394,남,1982
2138698,남,1975
2741791,남,1981
2184013,남,1975
2271848,여,1985
3703173,남,1993
2029696,남,1965
2147615,남,1974
2308016,여,1990
2130310,남,1970
2683798,남,1971
2002443,남,1966
2099447,남,1961
2139149,남,1972
2063110,남,1975
2175214,남,1971
2058905,남,1972
2674064,남,1987
2063138,남,1967
2137183,남,1969
2050078,남,1975
2308169,남,1983
2130294,남,1976
2116972,남,1970
2577399,여,1987
2180758,남,1975
2630567,남,1982
2577411,남,1983
2673867,여,1986
2763558,여,1989
2526090,남,1983
2573705,남,1971
2135784,여,1972
2934256,여,1996
2171793,남,1968
2699298,남,1981
2144433,여,1980
2614727,여,1987
2371995,남,1983
2183193,남,1977
3703187,여,1992
2132921,남,1977
2163182,남,1975
2159339,남,1960
3920306,남,1982
2537198,남,1972
2634513,남,1976
2674084,남,1986
2308313,남,1983
2369450,남,1983
2088163,남,1968
3757769,남,1978
2495093,남,1977
2071765,남,1981
2077143,남,1976
2597584,여,1972
2673300,남,1985
2584209,남,1978
2023861,남,1971
2717546,여,1986
2621285,여,1988
2163902,남,1972
2165209,남,1967
2311965,남,1982
2622162,남,1978
2989917,남,1976
2272012,여,1986
2261181,남,1981
2271860,남,1981
2324805,남,1981
2562333,남,1986
2170586,남,1980
3919458,남,1973
2179566,남,1977
2123239,남,1979
2674191,남,1986
2302869,남,1969
2313872,남,1983
2144578,남,1968
2213672,여,1982
2312259,남,1982
2886883,남,1968
2718824,남,1988
2614739,남,1985
2145601,남,1973
2311970,남,1982
2010920,남,1974
2153537,남,1976
2754142,여,1979
2086028,여,1972
2933622,남,1986
2433202,남,1971
2007890,여,1972
2271849,남,1983
2308320,남,1983
2577459,남,1985
2683789,남,1976
2761605,남,1974
2179325,남,1971
2173846,여,1977
2198985,남,1974
2089385,여,1981
2190014,남,1974
2009046,남,1972
2016287,여,1980
2456760,남,1974
2905875,남,1983
2577568,여,1985
2718845,남,1985
2717536,남,1983
2312681,여,1986
2008584,남,1965
2677526,남,1972
2534498,남,1985
2006057,여,1979
3057456,남,1988
2089297,남,1974
2621294,남,1986
2450021,남,1985
2230667,남,1972
2528920,남,1985
3703172,남,1991
2069612,남,1975
2182310,남,1966
2933661,남,1987
2614763,여,1989
3568067,남,1982
2164537,남,1970
3588342,남,1985
3057450,남,1991
2111831,여,1978
2272030,남,1981
2577479,남,1983
2407044,남,1973
2308347,여,1985
2526163,여,1984
2562321,여,1988
3703208,남,1990
2058565,남,1972
2061974,여,1982
2614752,남,1986
3703206,남,1991
2717440,남,1985
2804679,여,1990
2203567,여,1982
2548918,남,1978
2208760,남,1965
2718838,남,1985
2482879,남,1975
3920310,남,1976
3920308,남,1976
2376781,여,1972
2614720,남,1986
2764460,여,1990
2905905,남,1967
2021079,남,1978
2087404,남,1975
3699471,남,1993
3925326,남,1970
2508740,남,1986
2208088,남,1971
2254710,여,1982
2534424,남,1984
2048037,남,1980
2265924,남,1974
2369929,남,1981
2063989,남,1977
3118535,남,1977
2674178,여,1988
2035542,여,1973
2906011,여,1987
2804604,여,1989
2184371,남,1981
2933589,여,1990
2936298,남,1991
2764420,남,1987
2528379,남,1980
2229414,남,1975
2081998,여,1970
2577622,남,1984
2208276,남,1967
2577506,여,1987
2187865,여,1983
3124331,여,1986
3751956,남,1986
2717408,여,1989
2615949,남,1984
2190846,남,1973
2173704,여,1983
2221902,여,1982
2074651,여,1975
2311934,남,1983
2577511,여,1986
2141576,남,1981
2613515,남,1987
3114985,남,1989
2179993,남,1977
2190887,남,1971
2223995,남,1969
2274435,남,1972
2674069,여,1987
2125970,여,1977
2804595,여,1990
3144368,남,1979
2608939,남,1972
2526144,남,1985
2308230,남,1983
2936314,여,1990
2718806,남,1988
2718607,여,1988
2904529,남,1964
2188610,여,1971
2122031,남,1971
2311949,여,1984
2207313,남,1963
2717476,남,1984
2271821,여,1984
2130115,여,1971
2763137,남,1988
2630566,남,1979
2307188,남,1982
2075870,남,1968
2814614,여,1990
2718064,남,1987
2368965,여,1985
3100795,남,1974
2216924,남,1977
3703150,여,1994
3703170,남,1992
2088871,남,1974
2029310,남,1983
2015956,남,1981
2605636,남,1979
3703137,여,1994
2621273,남,1986
2562337,남,1986
2543012,남,1977
3810209,남,1991
2036372,남,1969
2228224,남,1963
2982656,여,1979
2594536,남,1968
2272705,남,1983
3057503,남,1988
2063093,남,1971
2787255,남,1975
3652411,남,1980
2859981,남,1990
2359426,남,1972
2787212,남,1980
2787211,여,1980
2085966,남,1974
2398141,남,1973
2060696,남,1972
2614741,여,1989
2034945,남,1975
2717371,여,1987
2228763,남,1969
2859882,여,1988
2498737,여,1987
2047366,남,1967
2218450,남,1969
2178056,남,1969
2172957,여,1978
2219000,남,1968
2236323,남,1982
2181856,남,1972
2139881,여,1970
2110336,남,1971
2562326,남,1987
2160976,남,1982
2695256,남,1989
2750698,남,1983
2905985,남,1981
2071388,남,1972
2188069,남,1981
2129256,남,1974
2718131,남,1987
2002273,남,1972
2055831,남,1967
2579363,남,1984
2117305,남,1977
2086434,남,1972
2271665,남,1982
2188823,남,1966
2127592,남,1969
2078108,남,1971
2189532,남,1982
2095813,여,1972
2133423,남,1982
2272144,여,1985
2433610,남,1984
2369366,남,1984
2610283,남,1981
2190757,남,1975
2166050,남,1972
2897380,여,1976
2109257,남,1972
2811170,여,1979
2702943,남,1983
2082672,남,1966
2774748,남,1975
2577555,남,1987
2194153,남,1971
2219666,남,1963
2308339,여,1985
2091485,남,1975
2781420,남,1964
2948907,남,1970
3865460,남,1980
2575760,남,1986
2630571,남,1979
2266644,남,1982
2074783,남,1967
2272693,남,1982
2812083,남,1989
2677517,남,1977
2735127,남,1980
2802326,여,1989
2272761,남,1982
2668192,남,1980
2079585,남,1972
2036016,여,1976
2141108,남,1973
2183114,남,1972
2132390,남,1974
2193140,남,1975
2172371,남,1970
2216259,남,1968
2308497,남,1983
2548901,남,1976
2034049,여,1978
2018734,남,1971
2764466,남,1987
2053671,남,1975
2056482,남,1977
2577589,남,1982
2170114,남,1972
2119931,남,1976
2541986,남,1979
2312260,남,1982
2068412,남,1975
2134849,남,1968
2028477,남,1966
2068154,남,1979
2540092,남,1969
2141033,남,1971
2151889,남,1972
2530038,여,1987
2102114,남,1975
3192053,남,1977
2103787,남,1982
3790417,남,1964
2175580,남,1964
2010275,남,1974
2218789,남,1976
2272710,남,1981
3810197,여,1995
2577441,여,1986
2142618,남,1970
2166497,남,1963
3191965,남,1980
3597528,여,1992
2859864,여,1991
2674076,여,1987
2802304,남,1986
2933681,남,1989
2028617,남,1972
2204774,남,1967
2142124,남,1977
2121725,여,1972
2308340,남,1983
2608641,남,1975
2735128,남,1981
3703191,여,1993
2366967,여,1987
2812043,남,1983
2071075,남,1979
2308309,남,1982
3597532,여,1991
2178785,남,1978
2007743,남,1977
2527127,남,1978
2166627,남,1977
2717511,여,1990
2508618,남,1985
2380558,남,1976
2814623,남,1988
2069709,여,1982
2859848,남,1988
2811107,여,1976
2043283,남,1981
2254747,남,1982
2093800,남,1978
2136964,남,1974
2465988,남,1980
3469802,남,1979
2162739,남,1974
2041778,남,1975
2406600,남,1969
2159371,남,1980
2154039,여,1982
2814587,여,1990
2019024,남,1976
2265882,남,1977
2115352,남,1972
2562784,남,1974
2093528,남,1961
2066274,남,1971
2207932,남,1975
2164129,남,1970
2012163,남,1970
2146241,남,1964
3652412,남,1988
2055798,남,1973
2121076,남,1964
3588336,남,1990
3588347,남,1993
3588343,남,1992
3712314,여,1987
2354450,남,1982
2187460,남,1979
2254078,남,1980
2010308,남,1977
3703157,여,1994
2173557,남,1976
2017895,남,1963
2272048,여,1985
3694696,남,1979
3114968,여,1991
2717478,여,1989
2113421,여,1979
2717368,여,1989
2311894,남,1983
2811094,여,1967
2384090,남,1970
2311931,남,1982
2101105,남,1970
2308550,남,1983
2313818,남,1983
2306588,여,1982
3679938,남,1981
2082736,남,1974
2121593,남,1972
2640941,남,1981
2185206,남,1972
2226009,남,1975
2763185,남,1988
3694694,남,1973
2407031,남,1975
2177783,남,1963
2709189,남,1988
2709168,남,1988
3703212,남,1989
3703199,남,1991
3632499,여,1985
2226742,남,1982
3703189,여,1993
3703185,여,1992
3703204,남,1992
3703175,남,1993
2741793,남,1972
3703171,남,1992
3703193,남,1992
3597525,남,1990
3588335,남,1991
2064288,여,1977
3703162,남,1993
3703158,남,1993
2176965,남,1966
2087529,남,1981
3613421,남,1990
3703188,여,1994
3703164,남,1994
3703136,남,1990
2313846,여,1985
3703147,남,1992
3703177,남,1993
2577470,남,1986
2146661,남,1980
3597539,남,1993
2097854,남,1974
2372794,남,1984
2155372,남,1971
3703197,남,1993
3703194,남,1990
2011160,남,1975
2235839,여,1978
2314111,남,1982
2311927,여,1986
2183308,남,1972
2718092,여,1988
2117076,남,1968
2884578,남,1977
2422117,남,1982
2178191,남,1969
2271632,남,1979
3597535,남,1992
3703183,남,1991
3712313,여,1977
2014960,남,1980
2718007,여,1989
2272075,남,1980
2308538,여,1986
3703152,남,1991
3679940,여,1981
3712316,남,1986
2088102,남,1969
2212454,남,1974
2203152,여,1983
2541984,남,1975
3666405,여,1987
2719404,남,1987
2043601,여,1976
2184966,남,1978
3703176,남,1991
3588344,남,1991
3597540,남,1992
2267577,남,1972
3703142,남,1993
3703141,남,1991
2166184,남,1967
2072203,남,1976
2049972,남,1971
2009247,남,1971
2226998,남,1970
2056715,남,1981
2220930,남,1974
2092846,남,1972
2545850,여,1979
2602502,남,1976
2010172,남,1968
2558753,남,1970
2202988,남,1975
2804601,여,1992
2718839,남,1987
2227395,남,1976
2554964,남,1987
2172717,남,1971
2906171,남,1977
2271650,여,1984
2005907,남,1967
2717497,남,1988
3057486,남,1990
2508738,남,1982
2014995,남,1976
2087058,남,1965
2178216,남,1981
2052148,남,1974
2044497,여,1977
2171454,남,1971
2036767,남,1974
2614718,남,1988
2016851,여,1980
2761093,남,1975
2096487,남,1978
2111548,남,1975
2186923,남,1966
3021412,남,1960
2078563,남,1971
2137626,여,1981
2053548,남,1979
2761412,여,1976
2983376,여,1986
2007946,남,1972
2933602,여,1989
2043958,여,1971
2230784,남,1978
2123966,남,1981
2020154,여,1983
2583851,남,1974
2452200,남,1966
2647730,여,1984
2236232,남,1982
2098628,남,1976
2158680,남,1966
2279321,남,1973
2508708,남,1984
3020943,여,1973
2782271,남,1980
2066576,여,1977
2104361,남,1972
2313089,남,1983
2189972,남,1971
3057445,남,1991
2166101,남,1980
2717420,여,1987
2814632,남,1989
3150557,남,1981
2271877,남,1982
2226203,남,1970
2371758,남,1984
3525036,여,1990
2020343,남,1980
2717423,남,1984
2254656,남,1981
2668189,여,1975
2812054,남,1988
2097371,남,1977
2102150,남,1975
2029942,남,1969
2100581,남,1968
2311915,남,1982
2735129,남,1976
2017183,남,1969
2653711,여,1985
2573723,남,1977
2197883,남,1976
2621299,남,1984
2579354,여,1987
3729259,남,1985
2369383,남,1982
2048858,남,1971
2530032,남,1983
2210805,남,1967
2152921,남,1970
2811132,여,1975
2225220,남,1975
2384084,남,1977
2185359,남,1971
2015349,여,1983
2527117,여,1974
2534491,남,1985
2115707,남,1981
3057455,남,1988
2615945,여,1989
2042007,남,1966
2002869,여,1981
2133337,남,1981
2674045,남,1986
2065801,남,1978
2803556,여,1989
2812131,남,1984
2366995,남,1984
2764426,여,1988
2764515,여,1988
2936331,남,1990
2450015,남,1985
2936307,남,1989
2007896,남,1967
3057459,남,1984
2226113,여,1974
2764454,남,1988
2067495,남,1973
2002397,남,1972
2579315,여,1987
2051687,여,1974
3057519,남,1992
2059985,여,1984
2859855,남,1987
2121259,여,1982
2718144,여,1990
2615991,남,1985
2814633,여,1990
2370812,여,1987
2710123,여,1992
2216875,남,1978
2906013,남,1986
2534880,남,1975
2804603,여,1988
3057550,여,1991
2312685,남,1983
2905849,여,1985
2258952,여,1983
2735183,여,1978
2312718,여,1983
2211147,남,1971
2579270,남,1986
2579302,남,1985
2015563,여,1981
2311974,남,1983
2582932,남,1984
2933573,여,1990
2138852,남,1979
2615947,남,1985
3057441,남,1986
2041194,남,1971
2905819,남,1971
2496115,남,1981
2272072,남,1984
2168823,남,1976
2859858,남,1986
2577536,남,1986
2123620,남,1971
2007620,남,1974
2195581,남,1974
2577512,여,1986
3588325,여,1995
2814638,여,1991
3703139,남,1989
3703153,여,1994
2812126,남,1986
3194340,남,1991
2613584,남,1986
2016384,남,1979
2673842,남,1986
2092135,남,1974
2933583,여,1990
2068109,남,1975
2045891,남,1971
2165074,남,1972
2222143,남,1969
2105569,남,1966
2074364,남,1970
2022103,남,1972
2022953,남,1968
2153263,남,1965
2082246,남,1967
2052127,남,1966
2274822,남,1969
2010010,남,1980
2125723,여,1972
2197647,남,1966
2062626,남,1967
2166388,남,1981
2160715,남,1968
2147617,남,1965
2059755,남,1971
2018611,남,1971
2581125,남,1984
2673328,남,1987
2613583,남,1987
2191972,남,1980
2718615,남,1985
2255302,여,1989
2717545,남,1987
2677523,남,1968
2258953,남,1982
2508668,남,1986
2936265,여,1989
2271819,남,1982
2449982,남,1982
2256458,남,1982
2673293,남,1986
2174284,남,1972
2086414,남,1971
2112640,남,1970
2219291,남,1972
2212342,남,1969
2159269,남,1970
2211781,남,1969
2030517,남,1969
2031873,남,1967
2131136,남,1966
2764447,남,1989
2228755,여,1983
2274436,남,1975
2058261,남,1978
2936257,남,1989
3057514,여,1991
2113057,남,1976
2128032,남,1967
2078438,남,1965
2064403,여,1969
2668252,여,1970
2149526,남,1975
2028208,남,1970
2046757,남,1980
2066372,남,1966
3524995,남,1992
2673926,남,1986
2581126,남,1986
2194124,여,1974
2614760,남,1986
2579348,남,1984
2315938,남,1980
2764522,남,1988
2015317,남,1972
2010255,여,1981
2508311,남,1975
2763171,남,1985
2905870,남,1983
2577472,남,1986
2613541,여,1987
2528771,남,1977
2565403,남,1967
2495095,남,1975
2160116,여,1980
2256442,남,1982
2117245,여,1972
2577566,남,1985
2371752,남,1985
2481274,여,1978
2983430,여,1990
2023617,남,1969
2117654,남,1983
2647661,남,1992
2063705,남,1979
2763129,남,1989
2042485,남,1963
3161582,남,1979
2093656,남,1974
2145964,남,1972
2069151,여,1973
2528912,여,1984
2194942,남,1975
2611568,여,1988
2614804,남,1985
2163377,남,1972
2212595,남,1966
2202894,여,1973
2831790,남,1980
2199419,여,1974
2071246,남,1981
2154926,남,1968
2272078,남,1982
2311893,남,1984
2053667,남,1969
2031825,남,1976
2369362,남,1984
2163542,남,1981
2312258,남,1983
2198841,남,1968
2069972,여,1980
2558755,남,1981
2003521,남,1974
2167801,남,1979
2613621,여,1988
2131847,남,1959
2801335,남,1996
2548926,남,1975
2614787,남,1986
2385654,남,1979
2197038,남,1980
2812128,여,1990
2166473,남,1974
2369389,남,1984
2693248,남,1971
2657407,남,1971
2059870,남,1974
2178143,남,1967
2089752,남,1967
2717415,남,1987
2718918,남,1985
2764505,남,1988
2091189,남,1979
2040250,여,1982
2144285,여,1977
2157430,여,1977
2011820,여,1977
2151253,남,1978
2208203,남,1969
2154597,남,1980
2010272,남,1972
2134113,여,1963
2146382,남,1973
2089851,남,1970
2033630,남,1973
2673118,남,1985
2019588,남,1970
2983402,여,1990
2541976,남,1973
2308166,남,1984
2763544,여,1989
3204968,여,1987
2308360,남,1982
2674236,남,1984
2190899,남,1969
3114983,남,1991
2043454,여,1972
2151225,남,1977
2674208,남,1985
2451429,남,1972
2100139,남,1964
2098531,남,1972
2052499,여,1980
2024749,남,1971
2123808,남,1980
2508326,여,1978
2185421,남,1970
3057543,여,1992
2718022,남,1987
2905944,남,1974
2110027,남,1971
3114993,남,1992
2236334,여,1985
2097949,여,1983
2050878,남,1973
2614808,남,1987
3757767,남,1991
2021656,남,1980
3729261,여,1987
2804655,여,1991
2219937,남,1967
2055232,여,1979
2194140,남,1973
2200140,남,1970
2167795,남,1974
2764464,여,1990
3089275,남,1981
2147546,남,1969
2044811,여,1971
2116532,여,1982
3516164,남,1983
2108885,남,1979
2155636,남,1972
2983409,여,1992
2269911,여,1975
2873836,남,1974
2206816,여,1983
2136825,여,1976
2088732,남,1970
3194338,남,1993
2258936,여,1982
2528901,여,1987
2371666,남,1985
2944629,남,1982
2099560,남,1975
2172217,남,1972
2422843,여,1975
3194341,남,1992
2450020,남,1983
2353965,남,1977
2109781,남,1968
2269908,여,1974
2146178,남,1978
2562436,남,1986
3057526,여,1993
2024709,남,1972
2592243,남,1978
2095261,남,1971
2157888,남,1976
2091997,여,1975
2153504,남,1975
2219403,남,1969
2554965,남,1988
2196625,여,1982
2191443,남,1973
2859883,남,1989
2933566,남,1990
2037330,여,1981
2718808,남,1987
2322790,남,1983
2718914,여,1990
3949419,여,1984
2067277,남,1972
2608621,남,1974
3949397,남,1981
2227074,남,1972
2764511,여,1989
2080898,남,1974
2195556,남,1968
2181653,여,1977
2062535,여,1978
2983410,여,1989
2171137,남,1973
2020863,남,1981
2962286,남,1975
2216036,남,1971
2193917,남,1976
3757560,남,1974
2024168,남,1970
2149326,남,1969
2177679,남,1981
3144383,남,1976
2548891,남,1977
2161107,남,1972
2308555,남,1983
2137489,남,1968
2231168,여,1983
2528903,남,1985
2528768,여,1977
2674054,여,1988
2936295,여,1992
3949204,남,1986
2927040,여,1985
2368967,남,1984
2104447,남,1971
3204777,여,1977
2718134,여,1989
2764483,남,1983
2042052,남,1980
2023056,남,1970
2528909,남,1967
2401228,남,1972
3516267,남,1981
2183875,여,1982
2558736,남,1970
2064330,여,1976
2212807,남,1977
2126744,남,1970
3579004,남,1962
2111628,남,1967
2769134,남,1976
3757569,남,1972
3757564,남,1988
2176942,남,1973
2804611,여,1989
2221488,여,1983
2049223,남,1979
3057523,남,1990
3865459,남,1981
2018877,남,1983
2225231,남,1972
2212196,남,1971
2061438,남,1973
2017711,남,1974
2002019,남,1973
3892202,남,1982
2622164,남,1974
2030725,남,1973
2127997,남,1976
2372799,남,1983
2208818,남,1981
2271846,남,1981
2614762,여,1989
2933627,여,1989
2091653,남,1973
2236241,여,1981
2366984,남,1982
3525033,여,1993
2803546,남,1986
2449987,남,1984
2187799,여,1975
2040744,남,1967
2717531,남,1986
2192560,남,1979
2023446,남,1973
2010989,여,1971
3057534,여,1993
2159477,남,1980
2804591,여,1990
2717534,여,1990
2554963,남,1986
2204200,남,1981
2139196,남,1970
2534468,남,1986
2804705,남,1989
2226294,남,1966
2717393,남,1985
2905822,남,1973
2312035,남,1981
2218997,남,1972
2859897,여,1989
2859884,남,1988
2177910,남,1977
2384086,여,1978
2717467,여,1987
2905961,남,1974
2308810,남,1983
2933633,여,1991
2202990,남,1975
2673333,남,1984
2718140,남,1987
2371575,남,1982
2043476,남,1969
2673916,여,1988
2368968,남,1984
2254712,남,1983
2098047,남,1964
2673126,여,1989
2577540,여,1987
2718908,여,1989
2187873,여,1971
2052840,여,1975
2622165,남,1979
2562312,여,1990
2933644,남,1990
2543902,남,1972
2857120,여,1976
2166894,남,1972
2272753,남,1971
2371783,남,1984
2504541,남,1980
3949420,남,1990
2272183,남,1982
2027883,남,1966
2763140,남,1987
2764532,남,1987
3949396,남,1991
2803582,여,1989
2672904,남,1984
2653756,남,1980
2718817,여,1989
3703180,여,1990
3588328,남,1989
3588323,남,1992
2611563,남,1986
3588330,남,1992
3588337,여,1994
2003864,남,1973
3588322,남,1992
3588399,남,1992
3588339,남,1989
3588320,남,1991
3588321,남,1992
2859969,남,1987
3588345,여,1993
3703211,남,1992
3694691,남,1990
3712309,남,1991
2600249,여,1983
2655606,여,1981
2312032,남,1981
2045971,남,1973
2071718,여,1975
2036699,남,1975
3703151,여,1994
3703138,남,1990
2558763,남,1966
3703160,남,1991
3680361,남,1990
2764490,남,1986
2933641,남,1989
3703174,남,1993
3588327,여,1992
2111697,남,1969
3699470,남,1992
3740903,여,1988
2145517,남,1971
3776046,남,1980
3699479,여,1994
3699483,여,1991
3699478,남,1990
3699480,여,1994
3597524,남,1990
3757768,남,1988
3703159,남,1993
2802529,여,1988
3588324,남,1991
3699482,남,1990
3703210,남,1991
3703169,남,1992
3699476,여,1993
3597536,남,1992
3588341,남,1993
3729258,여,1988
3597534,남,1993
3597541,남,1993
3597531,여,1994
2639268,남,1981
2322809,남,1983
3729257,남,1982
2026907,남,1965
3949395,남,1985
2525437,남,1985
3949398,남,1979
3949399,남,1983
3920307,남,1984
3920049,남,1985
3920309,남,1978
2812109,여,1990
2859168,남,1980
2083776,남,1964
2254650,남,1982
3820923,남,1979
2204297,남,1965
2109816,남,1967
2407032,남,1976
2092265,남,1969
2089495,남,1973
2313082,남,1979
3729274,여,1988
2187470,남,1969
2554951,남,1987
2082124,남,1964
2195649,남,1971
3729275,남,1989
2311964,남,1983
2064963,남,1968
2067684,남,1970
2263219,남,1976
2050629,남,1974
3920048,남,1978
2021588,남,1970
3800727,남,1981
2622166,남,1975
2905859,여,1983
2452182,남,1973
2717466,남,1987
2203802,남,1970
2308170,남,1983
2575750,여,1988
2272010,남,1980
2136999,남,1963
2206884,남,1977
2046235,남,1975
2812064,남,1987
2611544,여,1988
2060344,남,1969
2674040,남,1987
2214904,남,1970
2180611,남,1965
2108128,남,1968
2007697,남,1983
2384365,남,1979
2371996,여,1986
2718608,남,1987
2307245,남,1977
2054320,여,1982
2235690,남,1969
2078078,남,1971
2970371,남,1977
2312267,남,1983
2811174,여,1972
2718016,남,1988
2064370,여,1976
2933616,여,1991
2653743,여,1985
2674219,남,1987
2271649,남,1981
2205335,남,1973
2228008,남,1971
2214756,남,1968
2115817,남,1973
2674121,남,1981
2176026,남,1971
2031086,남,1963
2191964,여,1982
2172612,여,1973
2312292,남,1983
2672966,여,1988
2156644,여,1981
2577596,여,1988
2213042,남,1969
2088731,남,1975
2526159,여,1986
2057899,남,1978
2217120,남,1964
2106946,남,1970
2144624,남,1969
2508753,남,1983
2508756,남,1984
2236316,남,1977
2041794,남,1968
2177697,남,1977
2165326,남,1971
2674102,남,1987
2614810,남,1987
2579320,남,1984
2145468,남,1972
2004948,남,1968
2009970,남,1967
2069178,남,1973
2682482,남,1989
3966404,남,1973
2615962,남,1985
2198791,남,1980
2577442,여,1987
2165874,남,1970
2223466,남,1971
2611590,남,1986
2061694,남,1971
2121400,남,1975
2639255,남,1973
2473005,남,1984
2101070,남,1973
2451444,남,1974
2261189,남,1982
2186784,남,1974
2433596,남,1985
2543905,남,1979
2224941,남,1971
2717483,여,1990
2179009,남,1970
2614732,남,1987
2276515,남,1980
2592238,남,1969
2735132,남,1975
2303291,남,1976
2076137,남,1971
2530047,남,1985
2256473,남,1982
2083603,여,1983
2583841,여,1974
2272050,여,1982
2755777,남,1989
2608923,남,1973
2558737,남,1974
2065953,남,1975
2066817,남,1974
2134259,남,1975
2769189,남,1979
2264188,남,1978
2221338,남,1973
2653746,남,1976
3150558,남,1973
2653733,남,1979
2065776,남,1977
2674127,남,1986
2832965,여,1973
2313830,여,1985
2032627,남,1975
2508707,남,1985
2369406,남,1984
3703148,남,1992
2192288,남,1975
2372033,여,1985
2639274,남,1982
2801598,여,1982
2371761,남,1984
2372041,남,1984
2307199,남,1984
2254069,남,1983
3021320,남,1974
2065317,남,1976
2504545,남,1978
2067376,남,1965
3525035,남,1991
2673937,남,1986
3516268,남,1980
2156533,여,1979
2312682,남,1981
2577551,여,1987
2577544,여,1987
3204809,남,1982
2149531,남,1973
2214391,남,1971
2177718,남,1969
2219289,남,1970
2173821,남,1969
2033070,남,1968
2005401,남,1970
2763191,여,1990
2209131,남,1981
2712935,남,1965
2230949,남,1970
2067974,남,1980
2579293,남,1984
2224702,남,1965
2197712,남,1977
2812038,남,1989
2558743,남,1978
2214493,남,1971
2254738,남,1984
2802392,남,1989
2192263,남,1978
3194339,남,1991
2135544,남,1964
2577412,남,1985
2508682,남,1984
2272061,남,1983
2530045,남,1986
2508778,남,1983
2673935,여,1986
2614776,남,1985
2717388,남,1988
2577469,남,1983
2541981,남,1980
2501939,남,1981
2217290,남,1967
2122765,남,1969
2102178,남,1980
2162968,남,1973
2161401,남,1966
2368976,남,1983
2602467,여,1991
2668204,남,1977
2379395,여,1978
2718820,여,1989
2059347,남,1981
2718041,여,1989
2086243,남,1979
3030348,남,1980
2037812,남,1974
2026363,남,1980
2129290,남,1970
2065230,남,1981
2271638,남,1981
2221640,남,1967
2095306,남,1972
2022995,남,1970
2312055,남,1983
2132519,남,1973
2086446,남,1977
2673862,남,1987
2058126,남,1972
2271836,여,1983
2573446,남,1977
2802374,여,1990
2450022,남,1984
2579338,남,1984
2020671,남,1971
2180554,남,1963
2121342,남,1980
2261300,남,1982
3114972,남,1990
2530037,남,1986
2581131,남,1985
2312277,남,1982
2312294,남,1983
2537207,남,1980
2674201,여,1988
2324869,남,1984
2043266,남,1977
2009746,남,1967
2151426,남,1967
2801590,남,1981
2718926,남,1987
2258951,여,1984
2179671,남,1970
2562666,여,1981
2371753,남,1985
2126164,남,1977
2070925,남,1969
2673049,남,1984
2548921,남,1968
2803559,남,1984
2717403,여,1989
2530012,남,1984
2156001,남,1967
2577621,남,1986
2308342,남,1983
2171688,남,1969
2084478,남,1967
2312278,여,1985
2195145,남,1970
2081734,남,1975
2812106,여,1988
2150907,남,1968
2668207,남,1978
2052779,여,1984
2057414,남,1975
2562661,여,1979
2197967,남,1973
2763157,남,1987
2621266,여,1987
2615975,여,1987
2155564,남,1970
2059414,남,1973
2804597,여,1991
2639253,남,1982
2449993,여,1987
2181404,남,1974
2528907,여,1987
2554579,남,1978
2718924,여,1990
2038651,남,1972
2009716,여,1969
2367394,여,1988
